{
  "model": "meta-llama/Llama-3.1-8B-Instruct",
  "key": "llama3.1-8b",
  "layer": 31,
  "n_layers": 32,
  "n_probes": 200,
  "n_pairs": 100,
  "d": 4096,
  "mean_diff_norm": 2.04835844039917,
  "per_pair_contrast_svd_raw": {
    "label": "per_pair_contrast_raw",
    "n_rows": 100,
    "d": 4096,
    "singular_values": [
      28.72987076951476,
      19.860388345960757,
      15.346811422928004,
      14.773089413364387,
      13.17195922640278,
      12.265664509326434,
      12.019460095442893,
      11.456879384365301,
      10.524116015734544,
      9.863740875777644,
      9.698975229182057,
      9.33050761241629,
      9.03230384270122,
      8.786594322331268,
      8.678462271103118,
      8.421096305138244,
      8.118894114718964,
      8.053186274868455,
      7.777010219171219,
      7.552371330503006,
      7.502076094681964,
      7.26065317120662,
      7.188070628539293,
      7.058621905475378,
      6.966537893578596,
      6.898852072980154,
      6.699519123836877,
      6.613248533314228,
      6.49157217700553,
      6.411428280669304,
      6.329843738535469,
      6.271275235657299,
      6.157232141803017,
      6.083725102942709,
      6.009708579149992,
      5.942410907104074,
      5.838934497097994,
      5.696093369292645,
      5.672582499457518,
      5.578326085004188,
      5.489287358118106,
      5.442026328444797,
      5.330933485887272,
      5.30452720487357,
      5.232532564803,
      5.174706431819521,
      5.1649661956517825,
      5.115773397451098,
      5.062394558135916,
      5.026448625187709,
      4.942145440828921,
      4.845717426717492,
      4.806933755696875,
      4.679811144581941,
      4.652925800509845,
      4.5898459893432255,
      4.540108721950229,
      4.5065347073809,
      4.481008570147375,
      4.400195508121985,
      4.393004806060112,
      4.35613947085366,
      4.286010676183444,
      4.255521119773329,
      4.2409957518491055,
      4.185293614903261,
      4.129558350260624,
      4.125671411693483,
      4.064853500647709,
      3.9922055315234797,
      3.8991603046228422,
      3.877746745702055,
      3.8534757733057603,
      3.816757741234309,
      3.7770681193684545,
      3.723636308004692,
      3.707138679041589,
      3.660573822343603,
      3.6381540429935146,
      3.579235470777585,
      3.569103363556156,
      3.499312781781226,
      3.487952107822182,
      3.4301739694482176,
      3.3710312255379375,
      3.3311587874880906,
      3.291454737772435,
      3.283452325197395,
      3.2310608027980905,
      3.214487615611285,
      3.1660596271461365,
      3.1072800900872934,
      3.0506512271741775,
      2.9807308148579645,
      2.942468483959213,
      2.8918370237158593,
      2.828288245032389,
      2.7578194584364333,
      2.746896554113633,
      2.5853692710376097
    ],
    "sigma1_over_sigma2": 1.4465915907106568,
    "sigma1_over_sigma5": 2.1811387566343687,
    "sigma1_over_sigma10": 2.912674930468481,
    "participation_ratio": 21.98315539722683,
    "total_variance": 5056.290316972274,
    "cumulative_variance_fraction": [
      0.1632432915614851,
      0.24125206885190045,
      0.28783258660032485,
      0.33099549005993956,
      0.3653092851518934,
      0.3950636142002773,
      0.42363543502730044,
      0.44959519544439885,
      0.47149999342264504,
      0.49074204203245403,
      0.5093466146734918,
      0.5265644496568062,
      0.5426993049741581,
      0.5579682541335992,
      0.5728637017185906,
      0.5868887791043522,
      0.5999253014386727,
      0.6127516632794945,
      0.6247133751586712,
      0.6359940392697381,
      0.6471249558513041,
      0.6575509957279305,
      0.6677696256170087,
      0.6776235185070617,
      0.6872219883693951,
      0.6966348497640632,
      0.7055116257553462,
      0.7141612588700784,
      0.7224955329499945,
      0.7306252901477142,
      0.7385494636509218,
      0.7463276746743978,
      0.7538255644851937,
      0.76114549843043,
      0.7682884026036887,
      0.7752722277353941,
      0.7820149489646244,
      0.7884318035433243,
      0.7947957957581583,
      0.8009500550984865,
      0.8069094193380856,
      0.8127666088392653,
      0.8183871033222583,
      0.8239520545223099,
      0.8293669724414452,
      0.8346628682418961,
      0.8399388461090451,
      0.8451148023563002,
      0.8501833085249868,
      0.8551800915809054,
      0.8600106689463545,
      0.8646545829440883,
      0.869224457433711,
      0.8735558211363528,
      0.8778375607414501,
      0.8820039920349967,
      0.8860806146011376,
      0.890097167013221,
      0.8940683467807937,
      0.8978975811197925,
      0.901714310384979,
      0.9054672497733351,
      0.9091003258755314,
      0.9126818963284876,
      0.9162390585639766,
      0.9197033933914592,
      0.923076073973301,
      0.9264424084854098,
      0.9297102259851815,
      0.9328622809517305,
      0.935869119983523,
      0.9388430235533654,
      0.9417798160641929,
      0.9446609084742497,
      0.947482392741176,
      0.950224614110022,
      0.9529425903977989,
      0.9555927152657973,
      0.9582104773029416,
      0.9607441384956682,
      0.9632634754049808,
      0.9656852489142342,
      0.9680913231591456,
      0.9704183441019869,
      0.9726658122676116,
      0.9748604289078412,
      0.9770030420909569,
      0.9791352494002674,
      0.9811999555893751,
      0.9832435349693474,
      0.9852260029318767,
      0.9871355431190457,
      0.9889761164102234,
      0.990733285329267,
      0.9924456317801879,
      0.9940995560700299,
      0.9956815883299533,
      0.9971857678150199,
      0.9986780556794398,
      1.0
    ]
  },
  "per_pair_contrast_svd_unit": {
    "label": "per_pair_contrast_unit",
    "n_rows": 100,
    "d": 4096,
    "singular_values": [
      3.584980442536486,
      2.607588374131791,
      2.127585505651476,
      2.058917883328329,
      1.819179387087699,
      1.7898451893777811,
      1.6849221410855717,
      1.5700019992237122,
      1.4688962222358648,
      1.4115891987059772,
      1.4087832843973915,
      1.349448622238575,
      1.2916168809850557,
      1.2603988370131887,
      1.2191416697999666,
      1.2136519027412693,
      1.1688533570493396,
      1.1597828179602478,
      1.1441382939290639,
      1.1239017816067984,
      1.0693716134441815,
      1.0664810665181297,
      1.0598062492799005,
      1.0348308422668853,
      1.010438881360071,
      0.9948620480868775,
      0.993015172410388,
      0.9777511693661949,
      0.9600507377180674,
      0.928500881491092,
      0.9188851608504597,
      0.9107127566053852,
      0.8985574822891041,
      0.8946125600918412,
      0.8841449353189705,
      0.8769188273230973,
      0.8550466453395735,
      0.8437827872339858,
      0.8376783607732794,
      0.8248810007975758,
      0.8171573385540617,
      0.8143523042026107,
      0.8000646586364509,
      0.7958786403966979,
      0.7814006281364628,
      0.7743746616334302,
      0.7680518472787097,
      0.7603073928017605,
      0.7538676001180031,
      0.7406700075967122,
      0.731329062518382,
      0.7211231187733903,
      0.7077125050037265,
      0.697843531198352,
      0.6954571793074207,
      0.6936873886191433,
      0.6872766392787111,
      0.6805603212851681,
      0.6710689238407779,
      0.6639544467445958,
      0.6592696142302537,
      0.6575436171449035,
      0.6505009027229055,
      0.6376759692374716,
      0.6290527117079404,
      0.6225203709168659,
      0.6082525206647419,
      0.6074225771792022,
      0.6000137747440837,
      0.5925147391786058,
      0.5917594158058382,
      0.577003560874726,
      0.574910779208167,
      0.5668256070440957,
      0.5613773072257068,
      0.5609272611035816,
      0.5574495643469383,
      0.5457576092637783,
      0.5438750994367315,
      0.5413958548132288,
      0.5345398435567128,
      0.5279175162286994,
      0.5188668144637922,
      0.5168294584509182,
      0.5130545504411879,
      0.5025879697201838,
      0.49513354722433206,
      0.4811976809142527,
      0.4769234813947404,
      0.4753851035663778,
      0.4678693356621028,
      0.4596996943931548,
      0.45222662242653827,
      0.4458599921916675,
      0.44315228115692634,
      0.43210820918875764,
      0.42950660147004827,
      0.4173255394465555,
      0.4123280504744117,
      0.35089229875973743
    ],
    "sigma1_over_sigma2": 1.3748260569424122,
    "sigma1_over_sigma5": 1.9706580164563292,
    "sigma1_over_sigma10": 2.5396768732878416,
    "participation_ratio": 29.085046086237707,
    "total_variance": 100.00001268093786,
    "cumulative_variance_fraction": [
      0.1285208314360442,
      0.19651599410269266,
      0.24178218920109706,
      0.2841736123283591,
      0.3172677445557605,
      0.3493031985127524,
      0.3776928211278859,
      0.4023418807778185,
      0.4239184391586965,
      0.4438442772909471,
      0.4636909781981743,
      0.48190109172957696,
      0.4985838312865048,
      0.5144698815554466,
      0.5293329437810974,
      0.5440624513235328,
      0.5577246312938954,
      0.5711755914365456,
      0.5842661141328936,
      0.5968976646780839,
      0.6083332197043504,
      0.6197070369144602,
      0.6309389283502783,
      0.6416476757133767,
      0.6518575417483118,
      0.6617550454404517,
      0.6716158355163834,
      0.6811758077960588,
      0.6903927808171902,
      0.6990139185932465,
      0.7074574169108434,
      0.7157513931095272,
      0.7238254475754388,
      0.731828762887284,
      0.7396458845625017,
      0.7473357498844918,
      0.7546467966144471,
      0.761766489631927,
      0.7687835391031773,
      0.7755878248950981,
      0.7822652852078611,
      0.7888969811205008,
      0.7952980148887803,
      0.8016322421879378,
      0.807738110830177,
      0.8137346712355559,
      0.8196337068885852,
      0.8254143794710317,
      0.8310975423354301,
      0.8365834622412971,
      0.8419318835399072,
      0.8471320684047696,
      0.8521406376670226,
      0.8570104929898332,
      0.8618470992590085,
      0.8666591205800916,
      0.871382611770091,
      0.8760142346918355,
      0.8805175691262186,
      0.8849259236407171,
      0.8892722873320305,
      0.8935959228682329,
      0.8978274365760704,
      0.9018937424778543,
      0.9058508151171314,
      0.9097261307477698,
      0.9134258415675619,
      0.9171154629723536,
      0.9207156278146454,
      0.9242263645308899,
      0.9277281561487786,
      0.9310574868192093,
      0.9343627104405735,
      0.9375756227211551,
      0.9407270671322023,
      0.9438734606557017,
      0.9469809604295475,
      0.9499594737325373,
      0.9529174745953082,
      0.9558485689397074,
      0.9587058970208677,
      0.9614928657068648,
      0.9641850930769832,
      0.966856219629486,
      0.969488469012976,
      0.9720144153657371,
      0.9744659873507242,
      0.9767814991382682,
      0.9790560589208893,
      0.9813159686012397,
      0.9835049854761808,
      0.985618223298454,
      0.9876633122194307,
      0.9896512232937165,
      0.9916150624876291,
      0.9934822372953369,
      0.9953269962684677,
      0.9970686021063593,
      0.9987687461028454,
      0.9999999999999997
    ]
  },
  "bootstrap_stability": {
    "label": "bootstrap_half_sample",
    "n_rows": 200,
    "d": 4096,
    "singular_values": [
      11.766235395375897,
      3.6416465235177236,
      2.57532998378952,
      2.1906363866052505,
      1.9586840036997204,
      1.917959603972407,
      1.7059204476391612,
      1.6208400866952877,
      1.5642482104192086,
      1.462388376980746,
      1.235125988759565,
      1.1932514036293396,
      1.0708485805755363,
      1.040294639614885,
      0.9436125983292469,
      0.9106793644276732,
      0.8321614257483723,
      0.8193205095245463,
      0.7246377819409363,
      0.6732151497672603,
      0.6508914542875839,
      0.6244337885312458,
      0.5899864262817833,
      0.5813770953551048,
      0.5610415250566452,
      0.5475455697158005,
      0.5214557431720294,
      0.5111094592010581,
      0.4975991839108945,
      0.4876389346687814,
      0.48333493712141584,
      0.47042902122547686,
      0.4501817559473072,
      0.44296964062204075,
      0.4307933976341381,
      0.4245043885217071,
      0.4183155927419437,
      0.40692832098290865,
      0.4065890608892968,
      0.39907392944085396,
      0.39177819881815623,
      0.3766032916998281,
      0.368755065912249,
      0.36611885260039045,
      0.3636269605206344,
      0.3530303041382019,
      0.34567279898293496,
      0.34080597885471436,
      0.33790101394457733,
      0.33323911753004,
      0.3288042954087777,
      0.3267780012369185,
      0.3195014007669529,
      0.31431174960663005,
      0.3059727076602598,
      0.30262975175495305,
      0.30037015524978505,
      0.29735457226174855,
      0.29258619128517377,
      0.2874539571344164,
      0.28565577264211695,
      0.28086680245287926,
      0.27877785503705127,
      0.2745177204101537,
      0.26658243058735326,
      0.26385407373767983,
      0.26051464189014706,
      0.2588177110524921,
      0.2553281352797523,
      0.24989380711475592,
      0.24496662283126144,
      0.2426949723548351,
      0.23792716831211594,
      0.23567358204917563,
      0.23368643061354866,
      0.22912337576052927,
      0.22861169421911834,
      0.2253372232939998,
      0.2195475972237232,
      0.2181348454129841,
      0.21330341420881505,
      0.2121438143029616,
      0.2074003328986582,
      0.20325492806249867,
      0.20125108449535062,
      0.19812333538090376,
      0.1957688726745641,
      0.1935614320572284,
      0.19220520887417902,
      0.18903722027204414,
      0.18797428238240907,
      0.18412939550249308,
      0.18084667506109928,
      0.17717099429511354,
      0.17542830775304444,
      0.17254224313300118,
      0.17221559751895155,
      0.16906108657280539,
      0.16741477859187368,
      0.16653512892652558,
      0.1642463103931023,
      0.16320118783090026,
      0.15964087221265696,
      0.15852039953173144,
      0.15722926310200935,
      0.15392470492331708,
      0.15280725714009938,
      0.15001882422864027,
      0.14729707234195258,
      0.1460079335474089,
      0.14384328058860363,
      0.14010205582163182,
      0.13778211333803286,
      0.13563938763195946,
      0.13286351191198206,
      0.1319690509825361,
      0.1286668470886182,
      0.12661883559049325,
      0.1238950588619421,
      0.12269131658468085,
      0.12178994499068402,
      0.11803668887496792,
      0.1170759245422165,
      0.11514756143469518,
      0.11342794955102445,
      0.11177377986386783,
      0.10987568855005632,
      0.10879967030447134,
      0.10629298225551394,
      0.10589878587023495,
      0.10372246518413594,
      0.103164232464003,
      0.10090998199126248,
      0.09883895864076175,
      0.09662922597550112,
      0.09436944916214893,
      0.09235499632755062,
      0.09190949431552548,
      0.088817495255722,
      0.08672313875303807,
      0.08504739277646099,
      0.08393844155656582,
      0.08085856818494727,
      0.0792081347822578,
      0.07882739383316972,
      0.07538779522975171,
      0.07233109895221256,
      0.07136933001375877,
      0.0706827124792479,
      0.07014526191094346,
      0.06826602252892294,
      0.06728215231259504,
      0.0664102895171656,
      0.06457777510084844,
      0.0633193651779288,
      0.061688319749649785,
      0.06000471688725525,
      0.05873304467607839,
      0.05656699318852355,
      0.05507896420056719,
      0.05284922905719337,
      0.050899980873246264,
      0.05012286424604726,
      0.04857132913174007,
      0.04823082801338513,
      0.046954720633773886,
      0.04443420443151601,
      0.04314414032688456,
      0.041836770962551145,
      0.0401565324778859,
      0.03899205211236309,
      0.037886618892403134,
      0.03630457459679195,
      0.034434551276113334,
      0.0331842311810305,
      0.031033203576014547,
      0.03034536319238534,
      0.02927126472261565,
      0.029000778828554043,
      0.02756895254794481,
      0.025206428653750165,
      0.022027863589192124,
      0.021555147981802053,
      0.020630355889084885,
      0.01960175361435729,
      0.01833105098902539,
      0.016545541585127516,
      0.014567276936252128,
      0.014334384477939992,
      0.013486532872219573,
      0.011776761413516185,
      0.011383467901227374,
      0.010228895795744361,
      0.00801715515023109,
      0.006370158730063412,
      0.005977398497162948,
      0.004588939935784195,
      0.002835470318686205,
      0.0018519480076896724,
      4.810357697468198e-07
    ],
    "sigma1_over_sigma2": 3.23102072630873,
    "sigma1_over_sigma5": 6.007214728435461,
    "sigma1_over_sigma10": 8.045903250180723,
    "participation_ratio": 2.0538757220485517,
    "total_variance": 200.0000064875979,
    "cumulative_variance_fraction": [
      0.6922214544427108,
      0.758529399303058,
      0.7916910208543882,
      0.8156854589676515,
      0.834867673477165,
      0.853260518092888,
      0.8678113404892556,
      0.8809469529963547,
      0.8931813149184951,
      0.9038742133972809,
      0.9115018941904007,
      0.9186211385207838,
      0.924354721747401,
      0.9297657862579343,
      0.9342178097921479,
      0.9383644941816097,
      0.9418269572618122,
      0.9451833876395741,
      0.9478088871294896,
      0.9500749802453629,
      0.9521932786029725,
      0.9541428663210293,
      0.9558832861805573,
      0.9575732827607548,
      0.9591471206738921,
      0.9606461513798435,
      0.9620057317961769,
      0.9633118961502315,
      0.9645499208492164,
      0.9657388794636734,
      0.9669069427329946,
      0.9680134600171572,
      0.9690267780512263,
      0.9700078885319651,
      0.9709358032590912,
      0.9718368231092348,
      0.9727117627565087,
      0.9735397160217415,
      0.9743662893171033,
      0.9751625892970699,
      0.9759300400575213,
      0.9766391902311136,
      0.9773190917022387,
      0.9779893067516454,
      0.9786504295622873,
      0.9792735815202731,
      0.9798710299206765,
      0.980451773477954,
      0.9810226589355594,
      0.9815779004648094,
      0.982118461770671,
      0.9826523810638136,
      0.9831627867727174,
      0.9836567461363982,
      0.9841248426103789,
      0.9845827664287611,
      0.9850338775649519,
      0.9854759762588359,
      0.9859040096416052,
      0.9863171585155647,
      0.986725154604549,
      0.987119585395355,
      0.9875081708450454,
      0.9878849707269187,
      0.9882403016768818,
      0.9885883965267301,
      0.9889277359089185,
      0.9892626689358262,
      0.9895886312085798,
      0.989900865772623,
      0.990200908994397,
      0.9904954132328755,
      0.990778459910799,
      0.9910561700881703,
      0.9913292168185777,
      0.9915917044166626,
      0.9918530209418548,
      0.9921069052546285,
      0.9923479109840444,
      0.9925858250302437,
      0.99281331675543,
      0.9930383417378658,
      0.9932534162213216,
      0.9934599790435296,
      0.9936624890320133,
      0.9938587533057591,
      0.9940503805570844,
      0.9942377106909079,
      0.9944224248965079,
      0.9946011002439529,
      0.9947777718924079,
      0.9949472900583497,
      0.9951108176524485,
      0.9952677654534551,
      0.9954216409042692,
      0.9955704950277675,
      0.9957187860831013,
      0.9958616943334314,
      0.9960018328693405,
      0.9961405026106753,
      0.9962753868586887,
      0.996408559992916,
      0.9965359860291866,
      0.9966616296104495,
      0.9967852348123181,
      0.9969036988824039,
      0.9970204491677902,
      0.9971329774022548,
      0.9972414595363384,
      0.9973480511161746,
      0.9974515055596712,
      0.9975496484867149,
      0.9976445680374155,
      0.9977365582518173,
      0.9978248218129422,
      0.9979119009622037,
      0.9979946767472173,
      0.9980748383922485,
      0.9981515883178109,
      0.9982268541111959,
      0.9983010180622944,
      0.9983706813596375,
      0.9984392152179514,
      0.9985055100203226,
      0.9985698395169327,
      0.9986323064042317,
      0.9986926697369455,
      0.9987518565763175,
      0.9988083475648688,
      0.9988644203272938,
      0.9989182120744684,
      0.9989714263670416,
      0.9990223404877175,
      0.9990711861848591,
      0.9991178722199078,
      0.9991624001831393,
      0.9992050474084891,
      0.9992472841828458,
      0.9992867269188839,
      0.99932433143164,
      0.9993604967255572,
      0.9993957250342692,
      0.9994284155734533,
      0.9994597852155142,
      0.999490854004599,
      0.9995192706020253,
      0.9995454295405548,
      0.9995708974460618,
      0.9995958776744686,
      0.9996204794625133,
      0.9996437807109171,
      0.999666415150282,
      0.9996884667823355,
      0.9997093182268441,
      0.9997293649362263,
      0.9997483921795769,
      0.9997663950092366,
      0.9997836428613617,
      0.9997996419844347,
      0.9998148104454297,
      0.9998287756500364,
      0.9998417296898806,
      0.9998542911970743,
      0.9998660870667598,
      0.9998777181302368,
      0.9998887418588283,
      0.9998986138511253,
      0.9999079209350461,
      0.9999166725117851,
      0.9999247352470267,
      0.9999323371474199,
      0.9999395141266425,
      0.9999461042371119,
      0.9999520329285276,
      0.9999575388943445,
      0.9999623541928092,
      0.9999669583979963,
      0.9999712424325496,
      0.9999754476582765,
      0.999979247893876,
      0.9999824247140005,
      0.9999848508477933,
      0.9999871739697406,
      0.9999893020275921,
      0.9999912231712537,
      0.9999929033083509,
      0.9999942720830383,
      0.9999953331107905,
      0.999996360483649,
      0.9999972699164641,
      0.9999979633769887,
      0.9999986112936748,
      0.9999991344452039,
      0.999999455819077,
      0.9999996587136816,
      0.9999998373601398,
      0.999999942651985,
      0.9999999828514433,
      0.9999999999999999,
      1.0000000000000009
    ],
    "mean_pairwise_cosine": 0.6864879131317139,
    "median_pairwise_cosine": 0.7064635157585144
  },
  "per_language": {
    "groups": [
      "ar",
      "cs",
      "de",
      "en",
      "es",
      "hi",
      "ja",
      "ru",
      "sw",
      "tib",
      "zh"
    ],
    "cosine_matrix": [
      [
        1.0000003576278687,
        0.07369875907897949,
        0.16141507029533386,
        0.30211329460144043,
        0.2074424773454666,
        0.12189889699220657,
        0.13748502731323242,
        0.10838944464921951,
        0.14591838419437408,
        0.028749551624059677,
        0.3769019842147827
      ],
      [
        0.07369875907897949,
        1.0000003576278687,
        0.12218929827213287,
        0.15334510803222656,
        0.09617812931537628,
        0.19621658325195312,
        0.14371992647647858,
        0.2281719595193863,
        0.2742895483970642,
        0.06163410842418671,
        0.006568038836121559
      ],
      [
        0.16141507029533386,
        0.12218929827213287,
        0.9999998807907104,
        0.3355022072792053,
        0.3825465738773346,
        0.18631428480148315,
        0.21564128994941711,
        0.3971189260482788,
        0.10317900031805038,
        0.04920709878206253,
        0.26473888754844666
      ],
      [
        0.30211329460144043,
        0.15334510803222656,
        0.3355022072792053,
        1.0000001192092896,
        0.529592752456665,
        0.3186812996864319,
        0.10429365932941437,
        0.18407376110553741,
        0.17125117778778076,
        0.043307263404130936,
        0.5176138877868652
      ],
      [
        0.2074424773454666,
        0.09617812931537628,
        0.3825465738773346,
        0.529592752456665,
        0.9999996423721313,
        0.3084114193916321,
        0.16495567560195923,
        0.3493269681930542,
        0.22897592186927795,
        0.05124586820602417,
        0.3147647976875305
      ],
      [
        0.12189889699220657,
        0.19621658325195312,
        0.18631428480148315,
        0.3186812996864319,
        0.3084114193916321,
        0.9999998807907104,
        0.10695304721593857,
        0.06533756852149963,
        0.22134587168693542,
        0.05841388925909996,
        0.30543816089630127
      ],
      [
        0.13748502731323242,
        0.14371992647647858,
        0.21564128994941711,
        0.10429365932941437,
        0.16495567560195923,
        0.10695304721593857,
        0.9999995231628418,
        0.28463518619537354,
        0.25553131103515625,
        0.08188382536172867,
        0.032152093946933746
      ],
      [
        0.10838944464921951,
        0.2281719595193863,
        0.3971189260482788,
        0.18407376110553741,
        0.3493269681930542,
        0.06533756852149963,
        0.28463518619537354,
        0.9999997615814209,
        0.16602589190006256,
        0.08674466609954834,
        0.05776871740818024
      ],
      [
        0.1459183692932129,
        0.2742895185947418,
        0.10317902266979218,
        0.17125116288661957,
        0.22897596657276154,
        0.2213459014892578,
        0.2555312514305115,
        0.16602590680122375,
        1.0000003576278687,
        0.08305075019598007,
        -0.005484580062329769
      ],
      [
        0.028749555349349976,
        0.0616341270506382,
        0.04920709878206253,
        0.04330728203058243,
        0.05124589055776596,
        0.058413900434970856,
        0.08188383281230927,
        0.08674468100070953,
        0.08305075019598007,
        1.0,
        0.05442635342478752
      ],
      [
        0.3769020438194275,
        0.0065680560655891895,
        0.26473891735076904,
        0.5176136493682861,
        0.31476473808288574,
        0.3054380416870117,
        0.03215208649635315,
        0.057768724858760834,
        -0.005484580062329769,
        0.05442635342478752,
        0.9999997615814209
      ]
    ],
    "per_group": {
      "ar": {
        "n_pos": 5,
        "n_neg": 5,
        "mean_diff_norm": 3.7385525703430176
      },
      "cs": {
        "n_pos": 5,
        "n_neg": 5,
        "mean_diff_norm": 3.034001588821411
      },
      "de": {
        "n_pos": 5,
        "n_neg": 5,
        "mean_diff_norm": 3.3411240577697754
      },
      "en": {
        "n_pos": 50,
        "n_neg": 50,
        "mean_diff_norm": 2.684458017349243
      },
      "es": {
        "n_pos": 5,
        "n_neg": 5,
        "mean_diff_norm": 5.521996974945068
      },
      "hi": {
        "n_pos": 5,
        "n_neg": 5,
        "mean_diff_norm": 2.993471622467041
      },
      "ja": {
        "n_pos": 5,
        "n_neg": 5,
        "mean_diff_norm": 4.301854133605957
      },
      "ru": {
        "n_pos": 5,
        "n_neg": 5,
        "mean_diff_norm": 4.300722122192383
      },
      "sw": {
        "n_pos": 5,
        "n_neg": 5,
        "mean_diff_norm": 3.395564317703247
      },
      "tib": {
        "n_pos": 5,
        "n_neg": 5,
        "mean_diff_norm": 2.7173240184783936
      },
      "zh": {
        "n_pos": 5,
        "n_neg": 5,
        "mean_diff_norm": 4.472406387329102
      }
    },
    "cos_with_global_md": {
      "ar": 0.42567771673202515,
      "cs": 0.2851189970970154,
      "de": 0.4954090714454651,
      "en": 0.9200801849365234,
      "es": 0.6723403334617615,
      "hi": 0.4379701316356659,
      "ja": 0.3041766285896301,
      "ru": 0.3923454284667969,
      "sw": 0.3333551287651062,
      "tib": 0.14761465787887573,
      "zh": 0.5821622014045715
    }
  },
  "per_register": {
    "groups": [
      "bureaucratic",
      "casual",
      "clinical",
      "confessional",
      "dialog",
      "diary",
      "journalistic",
      "letter",
      "poetic",
      "terse"
    ],
    "cosine_matrix": [
      [
        0.999999463558197,
        0.1796245276927948,
        0.4451310932636261,
        0.5023666024208069,
        0.6250500082969666,
        0.2661530673503876,
        0.5288546085357666,
        0.20849581062793732,
        0.2528262734413147,
        0.19411949813365936
      ],
      [
        0.1796245276927948,
        1.000000238418579,
        0.42686590552330017,
        0.4035782217979431,
        0.2988539934158325,
        0.47558361291885376,
        0.4532001316547394,
        0.2967977821826935,
        0.3884090781211853,
        0.1606883853673935
      ],
      [
        0.4451310932636261,
        0.42686590552330017,
        1.0000004768371582,
        0.36784541606903076,
        0.5273087620735168,
        0.43529051542282104,
        0.511029839515686,
        0.27918392419815063,
        0.3745685815811157,
        0.14320002496242523
      ],
      [
        0.5023666024208069,
        0.4035782217979431,
        0.36784541606903076,
        1.000000238418579,
        0.5693271160125732,
        0.4214401841163635,
        0.4475858807563782,
        0.2918512225151062,
        0.37312230467796326,
        0.28013548254966736
      ],
      [
        0.6250500082969666,
        0.2988539934158325,
        0.5273087620735168,
        0.5693271160125732,
        0.9999998211860657,
        0.38439422845840454,
        0.591090202331543,
        0.30650001764297485,
        0.4632683992385864,
        0.31366610527038574
      ],
      [
        0.2661530673503876,
        0.47558361291885376,
        0.43529051542282104,
        0.4214401841163635,
        0.38439422845840454,
        1.0000007152557373,
        0.45382893085479736,
        0.3561793863773346,
        0.4274213910102844,
        0.2934631109237671
      ],
      [
        0.5288546085357666,
        0.4532001316547394,
        0.511029839515686,
        0.4475858807563782,
        0.591090202331543,
        0.45382893085479736,
        1.0000001192092896,
        0.3202367126941681,
        0.4093114137649536,
        0.2770455479621887
      ],
      [
        0.20849581062793732,
        0.2967977821826935,
        0.27918392419815063,
        0.2918512225151062,
        0.30650001764297485,
        0.3561793863773346,
        0.3202367126941681,
        0.9999997019767761,
        0.2518053650856018,
        0.30840909481048584
      ],
      [
        0.25282639265060425,
        0.38840919733047485,
        0.3745684027671814,
        0.3731223940849304,
        0.46326857805252075,
        0.4274211823940277,
        0.40931135416030884,
        0.2518053948879242,
        0.9999997615814209,
        0.34581124782562256
      ],
      [
        0.19411949813365936,
        0.1606883853673935,
        0.14320001006126404,
        0.28013545274734497,
        0.31366610527038574,
        0.29346299171447754,
        0.2770455777645111,
        0.3084089756011963,
        0.34581124782562256,
        1.0
      ]
    ],
    "per_group": {
      "bureaucratic": {
        "n_pos": 5,
        "n_neg": 5,
        "mean_diff_norm": 5.418508529663086
      },
      "casual": {
        "n_pos": 15,
        "n_neg": 15,
        "mean_diff_norm": 2.8937480449676514
      },
      "clinical": {
        "n_pos": 15,
        "n_neg": 15,
        "mean_diff_norm": 2.7685203552246094
      },
      "confessional": {
        "n_pos": 5,
        "n_neg": 5,
        "mean_diff_norm": 4.368668079376221
      },
      "dialog": {
        "n_pos": 5,
        "n_neg": 5,
        "mean_diff_norm": 4.786955833435059
      },
      "diary": {
        "n_pos": 15,
        "n_neg": 15,
        "mean_diff_norm": 2.1023073196411133
      },
      "journalistic": {
        "n_pos": 15,
        "n_neg": 15,
        "mean_diff_norm": 2.621680974960327
      },
      "letter": {
        "n_pos": 5,
        "n_neg": 5,
        "mean_diff_norm": 3.7068259716033936
      },
      "poetic": {
        "n_pos": 15,
        "n_neg": 15,
        "mean_diff_norm": 2.4217827320098877
      },
      "terse": {
        "n_pos": 5,
        "n_neg": 5,
        "mean_diff_norm": 4.472322463989258
      }
    },
    "cos_with_global_md": {
      "bureaucratic": 0.6145813465118408,
      "casual": 0.6736679077148438,
      "clinical": 0.7253550887107849,
      "confessional": 0.6736772656440735,
      "dialog": 0.7472586631774902,
      "diary": 0.6952344179153442,
      "journalistic": 0.7800491452217102,
      "letter": 0.4991300702095032,
      "poetic": 0.6678714752197266,
      "terse": 0.45205217599868774
    }
  },
  "pair_id_order": [
    "pair_ar_casual",
    "pair_ar_clinical",
    "pair_ar_diary",
    "pair_ar_journalistic",
    "pair_ar_poetic",
    "pair_cs_casual",
    "pair_cs_clinical",
    "pair_cs_diary",
    "pair_cs_journalistic",
    "pair_cs_poetic",
    "pair_de_casual",
    "pair_de_clinical",
    "pair_de_diary",
    "pair_de_journalistic",
    "pair_de_poetic",
    "pair_en_bureaucratic_01",
    "pair_en_bureaucratic_02",
    "pair_en_bureaucratic_03",
    "pair_en_bureaucratic_04",
    "pair_en_bureaucratic_05",
    "pair_en_casual_01",
    "pair_en_casual_02",
    "pair_en_casual_03",
    "pair_en_casual_04",
    "pair_en_casual_05",
    "pair_en_clinical_01",
    "pair_en_clinical_02",
    "pair_en_clinical_03",
    "pair_en_clinical_04",
    "pair_en_clinical_05",
    "pair_en_confessional_01",
    "pair_en_confessional_02",
    "pair_en_confessional_03",
    "pair_en_confessional_04",
    "pair_en_confessional_05",
    "pair_en_dialog_01",
    "pair_en_dialog_02",
    "pair_en_dialog_03",
    "pair_en_dialog_04",
    "pair_en_dialog_05",
    "pair_en_diary_01",
    "pair_en_diary_02",
    "pair_en_diary_03",
    "pair_en_diary_04",
    "pair_en_diary_05",
    "pair_en_journalistic_01",
    "pair_en_journalistic_02",
    "pair_en_journalistic_03",
    "pair_en_journalistic_04",
    "pair_en_journalistic_05",
    "pair_en_letter_01",
    "pair_en_letter_02",
    "pair_en_letter_03",
    "pair_en_letter_04",
    "pair_en_letter_05",
    "pair_en_poetic_01",
    "pair_en_poetic_02",
    "pair_en_poetic_03",
    "pair_en_poetic_04",
    "pair_en_poetic_05",
    "pair_en_terse_01",
    "pair_en_terse_02",
    "pair_en_terse_03",
    "pair_en_terse_04",
    "pair_en_terse_05",
    "pair_es_casual",
    "pair_es_clinical",
    "pair_es_diary",
    "pair_es_journalistic",
    "pair_es_poetic",
    "pair_hi_casual",
    "pair_hi_clinical",
    "pair_hi_diary",
    "pair_hi_journalistic",
    "pair_hi_poetic",
    "pair_ja_casual",
    "pair_ja_clinical",
    "pair_ja_diary",
    "pair_ja_journalistic",
    "pair_ja_poetic",
    "pair_ru_casual",
    "pair_ru_clinical",
    "pair_ru_diary",
    "pair_ru_journalistic",
    "pair_ru_poetic",
    "pair_sw_casual",
    "pair_sw_clinical",
    "pair_sw_diary",
    "pair_sw_journalistic",
    "pair_sw_poetic",
    "pair_tib_casual",
    "pair_tib_clinical",
    "pair_tib_diary",
    "pair_tib_journalistic",
    "pair_tib_poetic",
    "pair_zh_casual",
    "pair_zh_clinical",
    "pair_zh_diary",
    "pair_zh_journalistic",
    "pair_zh_poetic"
  ],
  "timestamp": "2026-04-13T19:43:46"
}