{
  "model": "Qwen/Qwen2.5-72B-Instruct",
  "key": "qwen25-72b",
  "layer": 50,
  "n_layers": 80,
  "n_probes": 200,
  "n_pairs": 100,
  "d": 8192,
  "mean_diff_norm": 13.517972946166992,
  "per_pair_contrast_svd_raw": {
    "label": "per_pair_contrast_raw",
    "n_rows": 100,
    "d": 8192,
    "singular_values": [
      206.26685992839853,
      139.37693765505676,
      113.3028288414575,
      103.10840832221574,
      92.78640579635788,
      91.08614192736361,
      89.42243638031086,
      82.49066837357582,
      81.02800474203173,
      80.96836126417807,
      77.58275875603871,
      73.25633820085467,
      71.62246921212726,
      70.55542492896777,
      69.27237557955051,
      67.91785162624092,
      66.87244300365315,
      66.75566539292572,
      65.44073690361098,
      65.1755759768449,
      63.576627923980155,
      63.13592324313457,
      62.097542470457626,
      61.55324827626885,
      61.25995351802434,
      60.49332860411368,
      59.43269148800292,
      58.53747925041649,
      57.89663488155833,
      57.63603113628459,
      56.749182041568666,
      56.30971187042859,
      55.756003910196476,
      55.52617903282487,
      55.155880875878296,
      54.03564584211497,
      53.51757881101293,
      53.37817466690748,
      52.67480534187625,
      52.386224694900264,
      51.89584328056577,
      51.49815217994037,
      51.17933576750052,
      50.489125892106614,
      49.728854818966006,
      49.38020771178551,
      49.311002891137,
      49.15304123762145,
      48.53930305620757,
      48.0716638675125,
      48.04271771424505,
      47.56410473740692,
      47.07895005146524,
      46.687722401593334,
      46.49559818668151,
      45.97614390300845,
      45.40993357790272,
      45.26832344264336,
      44.95710077578249,
      44.77420456181314,
      44.45865475482658,
      44.216342375992994,
      44.14592379542365,
      43.36704798439663,
      43.08088641410846,
      42.78119978652673,
      42.62818823831652,
      42.36231851373289,
      42.26613907083359,
      41.75464517631006,
      41.614535302426496,
      41.24518013004902,
      40.72709149613332,
      40.431986026658265,
      40.14071457379965,
      39.75083553796366,
      39.442427246652386,
      39.042744070580554,
      38.78539775861462,
      38.660378108311036,
      38.568790300297785,
      38.2525155528812,
      37.62876343160645,
      37.47397921277634,
      37.23852715009688,
      36.93245802166579,
      36.834177900862315,
      36.53957013231447,
      35.944927398257576,
      35.81211927501369,
      35.412200846076395,
      35.03470571238695,
      34.38236823674067,
      33.992654680082204,
      33.541544324250616,
      33.11270574764049,
      32.29406640279468,
      31.675861087890134,
      31.34543560258526,
      31.178698649352867
    ],
    "sigma1_over_sigma2": 1.4799210213592673,
    "sigma1_over_sigma5": 2.2230288818504387,
    "sigma1_over_sigma10": 2.5474995011373025,
    "participation_ratio": 35.52384430211728,
    "total_variance": 350862.8873007265,
    "cumulative_variance_fraction": [
      0.12126109384790862,
      0.1766272538300885,
      0.21321570900196166,
      0.2435162744123711,
      0.2680538285744541,
      0.29170034563711705,
      0.31449093540199297,
      0.3338851506781356,
      0.3525976956354692,
      0.3712827026940453,
      0.3884377928276983,
      0.4037329160249213,
      0.41835337969238623,
      0.43254145191970184,
      0.446218196289423,
      0.45936531083611026,
      0.4721108128402704,
      0.48481183943312495,
      0.4970174337022535,
      0.5091243160704437,
      0.520644450471891,
      0.5320054263631554,
      0.542995773078182,
      0.553794300111087,
      0.5644901646235796,
      0.5749200018564606,
      0.5849873100425231,
      0.5947536221861497,
      0.6043072696419874,
      0.6137751050995903,
      0.6229538178644626,
      0.6319909197230384,
      0.6408511670861896,
      0.6496385215473718,
      0.6583090629619917,
      0.666630977667869,
      0.6747940845265836,
      0.6829147197772673,
      0.6908227522829291,
      0.6986443733124352,
      0.7063202451338192,
      0.7138789233923014,
      0.7213443023320737,
      0.728609681275285,
      0.7356579017942201,
      0.7426076391472309,
      0.7495379104701299,
      0.7564238523874821,
      0.7631389084006961,
      0.7697251988025373,
      0.776303559777468,
      0.7827515032373072,
      0.789068579275186,
      0.7952811013228084,
      0.8014425983889955,
      0.8074671905721476,
      0.8133443070817149,
      0.8191848253624396,
      0.8249453118183113,
      0.8306590235464624,
      0.8362924833797755,
      0.8418647026251678,
      0.8474191874632321,
      0.8527794034306422,
      0.8580691130049539,
      0.8632854841898778,
      0.8684646082815173,
      0.8735793299999213,
      0.8786708531464656,
      0.8836398893623286,
      0.888575633811563,
      0.8934241514106961,
      0.8981516277034872,
      0.902810842323296,
      0.9074031689124409,
      0.9119067199665936,
      0.9163406601848818,
      0.9206851945307283,
      0.9249726445111663,
      0.9292324989716254,
      0.933472193846944,
      0.9376426404774798,
      0.941678187948131,
      0.9456806036178053,
      0.9496328822842005,
      0.9535204591835863,
      0.9573873733279412,
      0.9611926780032971,
      0.9648751358876461,
      0.9685304323963034,
      0.9721045464281702,
      0.9756028662812515,
      0.9789721232997449,
      0.982265434202727,
      0.9854719152424029,
      0.9885969288064337,
      0.9915693341607059,
      0.9944290272544338,
      0.9972293699771273,
      1.0
    ]
  },
  "per_pair_contrast_svd_unit": {
    "label": "per_pair_contrast_unit",
    "n_rows": 100,
    "d": 8192,
    "singular_values": [
      3.1514552960081117,
      2.3824686753142204,
      1.8026578250898864,
      1.624192247181833,
      1.5543617504022151,
      1.4617417159578403,
      1.4509982365733218,
      1.4145733821165765,
      1.3764568856984796,
      1.350563161505973,
      1.3020504118353757,
      1.2480982709200168,
      1.2300113879594199,
      1.2055777322954424,
      1.1788472069145455,
      1.165666919516257,
      1.153005933071455,
      1.1291841169194154,
      1.1089607417318117,
      1.1028446266329366,
      1.0962930101677926,
      1.089134969506477,
      1.0720788150946856,
      1.0592679163991607,
      1.050370929387704,
      1.030621672066839,
      1.020412892129909,
      1.0019745152244952,
      0.993749001947172,
      0.9890795503986771,
      0.9757225705789441,
      0.9566591505395079,
      0.9456268490576415,
      0.9436358752353476,
      0.9350829303522272,
      0.9274790191303621,
      0.9192546000346542,
      0.9118923576676466,
      0.9048948661605234,
      0.9033803969639271,
      0.8958097055722872,
      0.885625643604223,
      0.8834781666163415,
      0.8742491260703097,
      0.8692763797035218,
      0.8553522164596021,
      0.8518058823323686,
      0.8452370151563238,
      0.8402312512225644,
      0.8316711935929338,
      0.8304630632093105,
      0.8226397631836543,
      0.8182234372149507,
      0.8122924814783745,
      0.809146253543315,
      0.8062520668430796,
      0.80006623301168,
      0.7942760724904319,
      0.789264795521566,
      0.7834487521031313,
      0.7774816286394424,
      0.7696237231562165,
      0.7683618846821725,
      0.7646287753974271,
      0.7596315341540806,
      0.7565906074566311,
      0.7512698240473142,
      0.743581369347524,
      0.7413737813180457,
      0.7316835232575555,
      0.7252897765322492,
      0.7238895557256237,
      0.722531161779428,
      0.7177729461643835,
      0.7150997370111614,
      0.7060618228260015,
      0.7041820927620025,
      0.6961032922273601,
      0.6902696091905792,
      0.6892101909849737,
      0.6814073927052989,
      0.6764707315714055,
      0.6672296866137863,
      0.6646226056289658,
      0.6614285476566014,
      0.6570852428647049,
      0.6551661858104699,
      0.6453626258952762,
      0.6401063593505151,
      0.6374188976236977,
      0.6285797252852094,
      0.6197634329027549,
      0.6160001547908805,
      0.6112688278267608,
      0.6028944781166852,
      0.5918538178121802,
      0.5883604567460197,
      0.5694808745346231,
      0.5604136344811972,
      0.5353843335025625
    ],
    "sigma1_over_sigma2": 1.3227688274190932,
    "sigma1_over_sigma5": 2.0274915380493788,
    "sigma1_over_sigma10": 2.3334379211809813,
    "participation_ratio": 43.07733713249627,
    "total_variance": 100.00022452358621,
    "cumulative_variance_fraction": [
      0.09931648183844903,
      0.15607792428415782,
      0.1885736036672711,
      0.21495354899612756,
      0.23911389926157708,
      0.2604807397296943,
      0.28153465128408595,
      0.3015447848905437,
      0.32049107793351467,
      0.33873124551220635,
      0.3556845601976229,
      0.371262018161291,
      0.3863912643376635,
      0.40092540839114826,
      0.4148221845621103,
      0.4284099477269223,
      0.4417041446952943,
      0.45445468376635756,
      0.46675259542166897,
      0.47891523081861526,
      0.4909337874755484,
      0.5027959106603028,
      0.5142894147124235,
      0.5255098747069705,
      0.5365426408288363,
      0.5471644272897589,
      0.5575768286157113,
      0.5676163353662443,
      0.5774916839824674,
      0.5872744455880288,
      0.5967947695600277,
      0.6059467163148584,
      0.6148887976143637,
      0.6237932642720475,
      0.6325370455065574,
      0.641139199501963,
      0.6495894707259597,
      0.6579049287755216,
      0.6660932575788289,
      0.6742542006717738,
      0.6822789329403323,
      0.6901222431363448,
      0.6979275623204401,
      0.7055706605042289,
      0.7131270577814395,
      0.7204433154967387,
      0.7276990318177045,
      0.7348432718951042,
      0.7419031415993419,
      0.7488198958121202,
      0.7557165693210114,
      0.7624839159264306,
      0.7691787968269224,
      0.7757769727671242,
      0.7823241346634333,
      0.7888245440213685,
      0.7952255894215667,
      0.8015343200502868,
      0.8077636952383672,
      0.8139016009290407,
      0.8199463641858399,
      0.8258695576393219,
      0.8317733442422519,
      0.8376199027570068,
      0.8433902904779382,
      0.849114571098494,
      0.8547586219115095,
      0.8602877420257382,
      0.8657840805214201,
      0.8711376762834008,
      0.8763981170718924,
      0.8816382661954081,
      0.8868587672715752,
      0.8920107357266458,
      0.8971244005839965,
      0.9021096223675213,
      0.9070683354317077,
      0.9119139224867197,
      0.9166786331225416,
      0.9214287293310306,
      0.9260718792543982,
      0.9306479954866654,
      0.9350999400379872,
      0.9395171621994121,
      0.943892029613354,
      0.9482096300832283,
      0.9525020477560326,
      0.9566669675938297,
      0.960764319907117,
      0.9648273392951583,
      0.9687784551343676,
      0.9726195136379194,
      0.9764140670252759,
      0.9801505544347074,
      0.983785363791139,
      0.9872882653428874,
      0.99074993784124,
      0.9939930152243736,
      0.9971336425900487,
      1.0
    ]
  },
  "bootstrap_stability": {
    "label": "bootstrap_half_sample",
    "n_rows": 200,
    "d": 8192,
    "singular_values": [
      12.1729594413086,
      2.6517019132425674,
      2.3401618909882353,
      1.9019054798265025,
      1.4535243052006448,
      1.367483827537394,
      1.3152252823730306,
      1.2962016435521322,
      1.1840896266420418,
      1.0751346589752693,
      1.047980456453597,
      0.9772189996119296,
      0.973012286727585,
      0.8515092912440047,
      0.8437336432525223,
      0.8084406997452299,
      0.7890742595977724,
      0.7635846403124537,
      0.7434715339857548,
      0.7348403721124358,
      0.7334724046228998,
      0.7147196106755905,
      0.6935800150318698,
      0.6826797481816669,
      0.6698492896656075,
      0.6552171904251073,
      0.6461262483718705,
      0.6378986126614886,
      0.614317646688826,
      0.608152114106594,
      0.600263414415207,
      0.5897334038670025,
      0.5801583217157275,
      0.5717953562142234,
      0.5584864575790164,
      0.553151527961395,
      0.5512490398621583,
      0.5418768950846422,
      0.5291616313465201,
      0.5232855159316936,
      0.5180989774754313,
      0.5136641414256304,
      0.5099805957075422,
      0.5000003729724468,
      0.4902323446467494,
      0.4866629096086808,
      0.4815255551749426,
      0.4758750421488081,
      0.4671252961935402,
      0.4641059798298674,
      0.46156302307129754,
      0.4553075149831135,
      0.4487826091357713,
      0.4427845799272768,
      0.4400270681643232,
      0.43589199510832166,
      0.4301572880330963,
      0.42351219107259935,
      0.4190846389475423,
      0.41114535824332316,
      0.4092374288277342,
      0.40219820465717127,
      0.3988252962418389,
      0.395113648358236,
      0.38937881794583795,
      0.3870469429281267,
      0.3824230013054953,
      0.3794858622817392,
      0.37465814012906273,
      0.3726703194849793,
      0.3644272879749043,
      0.3591486229005533,
      0.35469497535513445,
      0.35288720888011293,
      0.3505733490884048,
      0.34205609129633274,
      0.34152293041030907,
      0.3336776167121981,
      0.33211366779546714,
      0.32672190807388024,
      0.3239232623791369,
      0.322669672287987,
      0.31941735878283417,
      0.31537505233068047,
      0.3133139391868182,
      0.3077664469790964,
      0.30636941041196997,
      0.2988376577320783,
      0.29438347400330706,
      0.2919527933644676,
      0.2892996804046269,
      0.2875440747043578,
      0.2807587912635228,
      0.2789662458168624,
      0.2770448179476132,
      0.2754750524001092,
      0.2682892205208645,
      0.26632400619423924,
      0.2612301467589349,
      0.2585396982909836,
      0.2554627308287002,
      0.2521637437161978,
      0.25112054390421373,
      0.24884633531344494,
      0.24325709412158894,
      0.24078342570074493,
      0.2378753099217278,
      0.23496845503365346,
      0.23107165509065436,
      0.2278973101245721,
      0.22554760822217837,
      0.22406328163517353,
      0.2196875291968957,
      0.21561876561980084,
      0.21393189261290077,
      0.2107976171091125,
      0.20654916646810445,
      0.20414553116683073,
      0.20206456529514874,
      0.1994097060685858,
      0.19572433820084364,
      0.1933402023216232,
      0.18952702297429874,
      0.18839922716473606,
      0.1853327021822201,
      0.18509005636552942,
      0.18338250561896688,
      0.1805836281593761,
      0.1771585128531299,
      0.17517949742093444,
      0.1726145894575191,
      0.16769473847621935,
      0.16562294824686297,
      0.1628393100671823,
      0.15787721152417783,
      0.1561728630839683,
      0.15431643974347029,
      0.15217236576930177,
      0.1508180944252345,
      0.1445265485083711,
      0.14138097693828464,
      0.1377083632954208,
      0.13543561432485632,
      0.13189945744798665,
      0.1286712722054361,
      0.12841176766855894,
      0.12401171837197798,
      0.12324120795748707,
      0.1209982443088229,
      0.11699540743298342,
      0.11582782980408836,
      0.11310212370999505,
      0.11104017420334847,
      0.10946972111633074,
      0.1052104808544433,
      0.10395436870252985,
      0.10116226671197465,
      0.09927804130851572,
      0.09628095775673892,
      0.09481732826081044,
      0.09157644764697297,
      0.09033659876610078,
      0.08831212103664592,
      0.08255202641851674,
      0.08157847366714889,
      0.07842114476051101,
      0.07639747152613446,
      0.07359854248137013,
      0.07011919943064797,
      0.06894930814565954,
      0.06667278643799195,
      0.0654288775634258,
      0.06329570596795614,
      0.06272204489674124,
      0.05700869414264438,
      0.056600018792275386,
      0.05330044990893719,
      0.04981786610475523,
      0.044365439752071516,
      0.04171975079031091,
      0.04074272106494457,
      0.03779034005710462,
      0.03600381109587428,
      0.03482536153025809,
      0.03230426493865432,
      0.031636906850420775,
      0.02921797500135524,
      0.027176534326748214,
      0.02515815418398677,
      0.024215351350385536,
      0.020413042469616324,
      0.019756169585523974,
      0.017256278608085516,
      0.014255052720822142,
      0.011413424111408499,
      0.01041732461450026,
      0.007905472655398559,
      0.004861047908171909,
      0.0029757016071797794,
      2.056577232742576e-07
    ],
    "sigma1_over_sigma2": 4.59062135925497,
    "sigma1_over_sigma5": 8.374789054269197,
    "sigma1_over_sigma10": 11.32226492717747,
    "participation_ratio": 1.8117964899610204,
    "total_variance": 200.00000678283916,
    "cumulative_variance_fraction": [
      0.7409046826715345,
      0.7760622966626638,
      0.8034440841142008,
      0.8215303057717914,
      0.8320939699425783,
      0.8414440297183602,
      0.8500931171419994,
      0.8584938103608329,
      0.8655041513426893,
      0.8712837238213291,
      0.876775038820639,
      0.8815498235247188,
      0.8862835879147912,
      0.8899089281572151,
      0.8934683603402808,
      0.896736242054476,
      0.8998494328846934,
      0.9027647403004287,
      0.905528489815934,
      0.9082284415867989,
      0.9109183503372893,
      0.9134724708600896,
      0.9158777369647751,
      0.9182079950786333,
      0.9204514853568747,
      0.9225980331172192,
      0.9246854286906024,
      0.9267200018217787,
      0.9286069326129514,
      0.9304561775196974,
      0.9322577582920253,
      0.9339966856712338,
      0.935679604005439,
      0.9373143535969386,
      0.9388738891605439,
      0.9404037721730893,
      0.9419231496413055,
      0.9433913024386472,
      0.9447913625516118,
      0.9461605011610981,
      0.9475026338678862,
      0.9488218880740774,
      0.9501222890699664,
      0.9513722908924366,
      0.9525739296103732,
      0.9537581335081559,
      0.9549174677702706,
      0.9560497530105707,
      0.9571407831852888,
      0.9582177549513334,
      0.9592829570365415,
      0.9603194816673891,
      0.9613265107845501,
      0.9623068016724112,
      0.9632749207431647,
      0.9642249298679434,
      0.9651501062988068,
      0.9660469191483276,
      0.9669250787915545,
      0.9677702812909154,
      0.9686076576282842,
      0.969416474580001,
      0.9702117826376407,
      0.970992356586763,
      0.9717504358803778,
      0.9724994625351251,
      0.9732306992699634,
      0.9739507468439021,
      0.9746525904299246,
      0.9753470062414992,
      0.9760110424600826,
      0.976655981104867,
      0.9772850237112443,
      0.9779076706010836,
      0.9785221789456984,
      0.9791071907738229,
      0.9796903803140247,
      0.9802470840546182,
      0.9807985814775975,
      0.9813323174855734,
      0.9818569488673325,
      0.9823775274367498,
      0.9828876646649078,
      0.983384971766205,
      0.9838757998720027,
      0.9843494007853716,
      0.9848187118476361,
      0.9852652315608867,
      0.9856985396950229,
      0.9861247218483358,
      0.9865431933595548,
      0.9869566013200224,
      0.9873507288010147,
      0.9877398396193441,
      0.988123608762087,
      0.988503041271693,
      0.9888629367887259,
      0.9892175791580753,
      0.9895587850943821,
      0.9898929989610095,
      0.9902193049841553,
      0.9905372377415977,
      0.990852545368758,
      0.991162167851252,
      0.9914580379104202,
      0.9917479211910499,
      0.9920308444968067,
      0.9923068953617491,
      0.9925738659016266,
      0.9928335518126297,
      0.993087910421877,
      0.9933389321842494,
      0.9935802452284886,
      0.993812702481042,
      0.994041536746666,
      0.9942637149160254,
      0.9944770276996344,
      0.9946854046820444,
      0.9948895551178604,
      0.9950883762654893,
      0.9952799163418141,
      0.9954668185046444,
      0.9956464209607407,
      0.9958238922987033,
      0.9959956333453697,
      0.9961669249843874,
      0.9963350706955203,
      0.9964981229237865,
      0.9966550486118462,
      0.9968084878882257,
      0.9969574668656412,
      0.9970980744874357,
      0.997235229287714,
      0.9973678124877334,
      0.9974924385531002,
      0.9976143883647837,
      0.997733456178621,
      0.9978492383192135,
      0.9979629688033866,
      0.9980674084159633,
      0.9981673513157739,
      0.9982621692791658,
      0.9983538833041932,
      0.9984408706356185,
      0.9985236521142657,
      0.9986061000218485,
      0.9986829945507084,
      0.998758936524827,
      0.9988321393979734,
      0.9989005790224544,
      0.998967659450965,
      0.9990316199007344,
      0.9990932695000792,
      0.9991531875972535,
      0.9992085338217845,
      0.9992625663738138,
      0.99931373539311,
      0.9993630160388689,
      0.9994093661514297,
      0.9994543177785978,
      0.9994962490059939,
      0.9995370525099933,
      0.9995760476622808,
      0.9996101218464541,
      0.999643397082155,
      0.9996741464608399,
      0.999703329328128,
      0.9997304130544864,
      0.9997549965642967,
      0.9997787665989594,
      0.9998009929004625,
      0.9998223975898327,
      0.9998424293211232,
      0.9998620995950362,
      0.9998783495505243,
      0.9998943673606175,
      0.9999085720499382,
      0.9999209811484335,
      0.9999308226093218,
      0.9999395252970565,
      0.999947825143374,
      0.9999549656921399,
      0.9999614470639872,
      0.9999675110928101,
      0.9999727289202993,
      0.9999777333895049,
      0.999982001839676,
      0.9999856946596408,
      0.9999888593231432,
      0.9999917912392489,
      0.9999938747006927,
      0.9999958262318098,
      0.9999973151275163,
      0.9999983311601223,
      0.99999898249135,
      0.9999995250945922,
      0.9999998375770712,
      0.9999999557260011,
      0.9999999999999999,
      1.0
    ],
    "mean_pairwise_cosine": 0.7386479377746582,
    "median_pairwise_cosine": 0.7486024498939514
  },
  "per_language": {
    "groups": [
      "ar",
      "cs",
      "de",
      "en",
      "es",
      "hi",
      "ja",
      "ru",
      "sw",
      "tib",
      "zh"
    ],
    "cosine_matrix": [
      [
        1.0000003576278687,
        -0.14237062633037567,
        0.28705835342407227,
        0.22693900763988495,
        0.12312307953834534,
        0.19801826775074005,
        0.23573875427246094,
        0.04548708349466324,
        0.02507120743393898,
        0.007716083899140358,
        -0.0448426678776741
      ],
      [
        -0.14237062633037567,
        1.0,
        -0.10677008330821991,
        0.24063876271247864,
        0.269106924533844,
        -0.03390560299158096,
        0.06968701630830765,
        0.4905041456222534,
        0.1617787480354309,
        0.10104860365390778,
        0.47131669521331787
      ],
      [
        0.28705835342407227,
        -0.10677008330821991,
        1.000001072883606,
        0.33579131960868835,
        0.22844289243221283,
        0.21703629195690155,
        0.28655797243118286,
        0.05119605362415314,
        0.0007677071262151003,
        0.041315432637929916,
        0.02901943027973175
      ],
      [
        0.22693900763988495,
        0.24063876271247864,
        0.33579131960868835,
        0.9999997615814209,
        0.27403777837753296,
        0.18226905167102814,
        0.3044339418411255,
        0.31862673163414,
        0.10486388206481934,
        0.12963759899139404,
        0.2617024779319763
      ],
      [
        0.12312307953834534,
        0.269106924533844,
        0.22844289243221283,
        0.27403777837753296,
        1.000000238418579,
        0.11419267952442169,
        0.17268970608711243,
        0.2755117416381836,
        0.17785027623176575,
        0.04535546898841858,
        0.08110509067773819
      ],
      [
        0.19801826775074005,
        -0.03390560299158096,
        0.21703629195690155,
        0.18226905167102814,
        0.11419267952442169,
        1.0000005960464478,
        0.12499959766864777,
        -0.01776336133480072,
        0.0749422162771225,
        -0.019529487937688828,
        0.000749420840293169
      ],
      [
        0.23573875427246094,
        0.06968701630830765,
        0.28655797243118286,
        0.3044339418411255,
        0.17268970608711243,
        0.12499959766864777,
        1.0,
        0.1540045440196991,
        0.10652314871549606,
        0.04324306547641754,
        0.15296250581741333
      ],
      [
        0.04548708349466324,
        0.4905041456222534,
        0.05119605362415314,
        0.31862673163414,
        0.2755117416381836,
        -0.01776336133480072,
        0.1540045440196991,
        1.000000238418579,
        0.12182940542697906,
        0.115577831864357,
        0.3946523666381836
      ],
      [
        0.02507120743393898,
        0.16177882254123688,
        0.0007677106186747551,
        0.10486377030611038,
        0.177850142121315,
        0.07494213432073593,
        0.10652315616607666,
        0.12182940542697906,
        0.9999997019767761,
        0.03552206605672836,
        0.12423347681760788
      ],
      [
        0.007716066669672728,
        0.10104866325855255,
        0.04131545126438141,
        0.12963761389255524,
        0.04535546153783798,
        -0.019529491662979126,
        0.04324302822351456,
        0.11557783931493759,
        0.03552206605672836,
        1.0,
        0.04822438955307007
      ],
      [
        -0.04484269767999649,
        0.4713166654109955,
        0.029019437730312347,
        0.26170241832733154,
        0.08110509067773819,
        0.0007494171150028706,
        0.15296262502670288,
        0.39465200901031494,
        0.12423347681760788,
        0.04822438955307007,
        1.000000238418579
      ]
    ],
    "per_group": {
      "ar": {
        "n_pos": 5,
        "n_neg": 5,
        "mean_diff_norm": 34.36952590942383
      },
      "cs": {
        "n_pos": 5,
        "n_neg": 5,
        "mean_diff_norm": 40.32872772216797
      },
      "de": {
        "n_pos": 5,
        "n_neg": 5,
        "mean_diff_norm": 32.922115325927734
      },
      "en": {
        "n_pos": 50,
        "n_neg": 50,
        "mean_diff_norm": 15.749001502990723
      },
      "es": {
        "n_pos": 5,
        "n_neg": 5,
        "mean_diff_norm": 30.129844665527344
      },
      "hi": {
        "n_pos": 5,
        "n_neg": 5,
        "mean_diff_norm": 28.60297203063965
      },
      "ja": {
        "n_pos": 5,
        "n_neg": 5,
        "mean_diff_norm": 31.202661514282227
      },
      "ru": {
        "n_pos": 5,
        "n_neg": 5,
        "mean_diff_norm": 31.957536697387695
      },
      "sw": {
        "n_pos": 5,
        "n_neg": 5,
        "mean_diff_norm": 31.866817474365234
      },
      "tib": {
        "n_pos": 5,
        "n_neg": 5,
        "mean_diff_norm": 25.78322410583496
      },
      "zh": {
        "n_pos": 5,
        "n_neg": 5,
        "mean_diff_norm": 42.66059875488281
      }
    },
    "cos_with_global_md": {
      "ar": 0.33691030740737915,
      "cs": 0.45374441146850586,
      "de": 0.43409642577171326,
      "en": 0.8767948150634766,
      "es": 0.4573523998260498,
      "hi": 0.2906579375267029,
      "ja": 0.45949843525886536,
      "ru": 0.5232481956481934,
      "sw": 0.2838006913661957,
      "tib": 0.22540539503097534,
      "zh": 0.4710405468940735
    }
  },
  "per_register": {
    "groups": [
      "bureaucratic",
      "casual",
      "clinical",
      "confessional",
      "dialog",
      "diary",
      "journalistic",
      "letter",
      "poetic",
      "terse"
    ],
    "cosine_matrix": [
      [
        1.0000011920928955,
        0.3756054639816284,
        -0.09516260772943497,
        0.09268166124820709,
        0.02453320473432541,
        0.2901666462421417,
        0.42917490005493164,
        0.27134400606155396,
        0.1058465763926506,
        0.10141050815582275
      ],
      [
        0.3756054639816284,
        0.9999998211860657,
        0.07935835421085358,
        0.1931876838207245,
        0.15712198615074158,
        0.4790472388267517,
        0.4245121479034424,
        0.3013343811035156,
        0.3266800045967102,
        0.1870410293340683
      ],
      [
        -0.09516260772943497,
        0.07935835421085358,
        1.0000009536743164,
        0.14364969730377197,
        0.41295942664146423,
        0.15677258372306824,
        0.042584165930747986,
        0.07757211476564407,
        0.21665728092193604,
        0.1886756718158722
      ],
      [
        0.09268166124820709,
        0.1931876838207245,
        0.14364969730377197,
        1.0000007152557373,
        0.18822313845157623,
        0.29765406250953674,
        0.2555404603481293,
        0.23086735606193542,
        0.23008576035499573,
        0.24800299108028412
      ],
      [
        0.02453320473432541,
        0.15712198615074158,
        0.41295942664146423,
        0.18822313845157623,
        0.9999994039535522,
        0.3164822459220886,
        0.16418762505054474,
        0.25527721643447876,
        0.3260212540626526,
        0.23392623662948608
      ],
      [
        0.2901666462421417,
        0.4790472388267517,
        0.15677258372306824,
        0.29765406250953674,
        0.3164822459220886,
        1.0,
        0.4835510849952698,
        0.3731803297996521,
        0.4114375710487366,
        0.2974296808242798
      ],
      [
        0.42917490005493164,
        0.4245121479034424,
        0.042584165930747986,
        0.2555404603481293,
        0.16418762505054474,
        0.4835510849952698,
        1.000000238418579,
        0.3950394093990326,
        0.29175958037376404,
        0.2125859558582306
      ],
      [
        0.27134400606155396,
        0.3013343811035156,
        0.07757211476564407,
        0.23086735606193542,
        0.25527721643447876,
        0.3731803297996521,
        0.3950394093990326,
        0.9999996423721313,
        0.3121124505996704,
        0.18744505941867828
      ],
      [
        0.10584668815135956,
        0.32667994499206543,
        0.21665728092193604,
        0.2300858199596405,
        0.32602134346961975,
        0.4114377498626709,
        0.2917596697807312,
        0.31211236119270325,
        1.0000004768371582,
        0.206441730260849
      ],
      [
        0.10141047835350037,
        0.18704108893871307,
        0.18867570161819458,
        0.24800314009189606,
        0.23392635583877563,
        0.2974296808242798,
        0.2125857025384903,
        0.18744498491287231,
        0.206441730260849,
        1.0000008344650269
      ]
    ],
    "per_group": {
      "bureaucratic": {
        "n_pos": 5,
        "n_neg": 5,
        "mean_diff_norm": 35.78945541381836
      },
      "casual": {
        "n_pos": 15,
        "n_neg": 15,
        "mean_diff_norm": 22.34139633178711
      },
      "clinical": {
        "n_pos": 15,
        "n_neg": 15,
        "mean_diff_norm": 24.82008934020996
      },
      "confessional": {
        "n_pos": 5,
        "n_neg": 5,
        "mean_diff_norm": 25.804153442382812
      },
      "dialog": {
        "n_pos": 5,
        "n_neg": 5,
        "mean_diff_norm": 27.850475311279297
      },
      "diary": {
        "n_pos": 15,
        "n_neg": 15,
        "mean_diff_norm": 19.287900924682617
      },
      "journalistic": {
        "n_pos": 15,
        "n_neg": 15,
        "mean_diff_norm": 20.436731338500977
      },
      "letter": {
        "n_pos": 5,
        "n_neg": 5,
        "mean_diff_norm": 29.317129135131836
      },
      "poetic": {
        "n_pos": 15,
        "n_neg": 15,
        "mean_diff_norm": 18.90172576904297
      },
      "terse": {
        "n_pos": 5,
        "n_neg": 5,
        "mean_diff_norm": 30.934831619262695
      }
    },
    "cos_with_global_md": {
      "bureaucratic": 0.4333127737045288,
      "casual": 0.6755009889602661,
      "clinical": 0.45739108324050903,
      "confessional": 0.43788260221481323,
      "dialog": 0.504706859588623,
      "diary": 0.745834469795227,
      "journalistic": 0.6737042665481567,
      "letter": 0.5451207160949707,
      "poetic": 0.6316400766372681,
      "terse": 0.4494372010231018
    }
  },
  "pair_id_order": [
    "pair_ar_casual",
    "pair_ar_clinical",
    "pair_ar_diary",
    "pair_ar_journalistic",
    "pair_ar_poetic",
    "pair_cs_casual",
    "pair_cs_clinical",
    "pair_cs_diary",
    "pair_cs_journalistic",
    "pair_cs_poetic",
    "pair_de_casual",
    "pair_de_clinical",
    "pair_de_diary",
    "pair_de_journalistic",
    "pair_de_poetic",
    "pair_en_bureaucratic_01",
    "pair_en_bureaucratic_02",
    "pair_en_bureaucratic_03",
    "pair_en_bureaucratic_04",
    "pair_en_bureaucratic_05",
    "pair_en_casual_01",
    "pair_en_casual_02",
    "pair_en_casual_03",
    "pair_en_casual_04",
    "pair_en_casual_05",
    "pair_en_clinical_01",
    "pair_en_clinical_02",
    "pair_en_clinical_03",
    "pair_en_clinical_04",
    "pair_en_clinical_05",
    "pair_en_confessional_01",
    "pair_en_confessional_02",
    "pair_en_confessional_03",
    "pair_en_confessional_04",
    "pair_en_confessional_05",
    "pair_en_dialog_01",
    "pair_en_dialog_02",
    "pair_en_dialog_03",
    "pair_en_dialog_04",
    "pair_en_dialog_05",
    "pair_en_diary_01",
    "pair_en_diary_02",
    "pair_en_diary_03",
    "pair_en_diary_04",
    "pair_en_diary_05",
    "pair_en_journalistic_01",
    "pair_en_journalistic_02",
    "pair_en_journalistic_03",
    "pair_en_journalistic_04",
    "pair_en_journalistic_05",
    "pair_en_letter_01",
    "pair_en_letter_02",
    "pair_en_letter_03",
    "pair_en_letter_04",
    "pair_en_letter_05",
    "pair_en_poetic_01",
    "pair_en_poetic_02",
    "pair_en_poetic_03",
    "pair_en_poetic_04",
    "pair_en_poetic_05",
    "pair_en_terse_01",
    "pair_en_terse_02",
    "pair_en_terse_03",
    "pair_en_terse_04",
    "pair_en_terse_05",
    "pair_es_casual",
    "pair_es_clinical",
    "pair_es_diary",
    "pair_es_journalistic",
    "pair_es_poetic",
    "pair_hi_casual",
    "pair_hi_clinical",
    "pair_hi_diary",
    "pair_hi_journalistic",
    "pair_hi_poetic",
    "pair_ja_casual",
    "pair_ja_clinical",
    "pair_ja_diary",
    "pair_ja_journalistic",
    "pair_ja_poetic",
    "pair_ru_casual",
    "pair_ru_clinical",
    "pair_ru_diary",
    "pair_ru_journalistic",
    "pair_ru_poetic",
    "pair_sw_casual",
    "pair_sw_clinical",
    "pair_sw_diary",
    "pair_sw_journalistic",
    "pair_sw_poetic",
    "pair_tib_casual",
    "pair_tib_clinical",
    "pair_tib_diary",
    "pair_tib_journalistic",
    "pair_tib_poetic",
    "pair_zh_casual",
    "pair_zh_clinical",
    "pair_zh_diary",
    "pair_zh_journalistic",
    "pair_zh_poetic"
  ],
  "timestamp": "2026-04-13T19:47:51"
}