{
  "model": "Qwen/Qwen2.5-72B-Instruct",
  "key": "qwen25-72b",
  "layer": 20,
  "n_layers": 80,
  "n_probes": 200,
  "n_pairs": 100,
  "d": 8192,
  "mean_diff_norm": 2.285168409347534,
  "per_pair_contrast_svd_raw": {
    "label": "per_pair_contrast_raw",
    "n_rows": 100,
    "d": 8192,
    "singular_values": [
      25.03945337948318,
      17.878958870154385,
      16.069207382120545,
      14.512148461784038,
      13.842472688750966,
      13.10104992838162,
      12.6041800791245,
      11.928060971569916,
      11.623875912857452,
      11.256915953003588,
      11.070367360220361,
      10.525862471715772,
      10.34616444643959,
      10.095011504360478,
      10.025351194264417,
      9.656107221684765,
      9.559158064245866,
      9.34997183274069,
      9.19259607506752,
      9.092124297837632,
      9.000550626346957,
      8.83504504955911,
      8.768716076012575,
      8.703328181717856,
      8.395137011296018,
      8.300225913580515,
      8.240480502469401,
      8.054268547118058,
      7.986908399802824,
      7.874053138649201,
      7.677384335100778,
      7.511464174544682,
      7.500634650779123,
      7.465519967742151,
      7.361650700836151,
      7.322276277623706,
      7.287977463840204,
      7.172866331462108,
      7.0791381585573525,
      7.02763880149003,
      7.000479692066375,
      6.909382027325595,
      6.858573760959272,
      6.819842665210615,
      6.720144292017544,
      6.55103335350984,
      6.517738783696539,
      6.482367375545469,
      6.434785615458283,
      6.422609708811902,
      6.318448826662472,
      6.237925478132802,
      6.160604229389731,
      6.152847598616645,
      6.115350127687444,
      6.057772088327505,
      6.020402829737312,
      5.940596343490933,
      5.859945630086686,
      5.841149774920839,
      5.836352382274675,
      5.766878303400782,
      5.73190125861884,
      5.685954232392443,
      5.589988267483324,
      5.523691748829896,
      5.51594001041903,
      5.470271782827692,
      5.4068153863516075,
      5.372790989892192,
      5.316619020497928,
      5.280906083713887,
      5.272094806304552,
      5.213431425167439,
      5.128919041398895,
      5.115698442235253,
      5.0672715465391525,
      5.042816830293106,
      5.0129157386079,
      4.959279165505191,
      4.931555687334967,
      4.8804083945258165,
      4.791642207577833,
      4.730703940842739,
      4.700239426955567,
      4.6809333906623465,
      4.585612652528063,
      4.5505726099132175,
      4.504209204091709,
      4.4578089830157905,
      4.423297562196251,
      4.407314853514439,
      4.321348474854209,
      4.269475038552973,
      4.16958419427354,
      4.138845190129953,
      4.026524000839956,
      3.997311198550917,
      3.943974940389649,
      3.8666417030707567
    ],
    "sigma1_over_sigma2": 1.4004984049312803,
    "sigma1_over_sigma5": 1.808885879170374,
    "sigma1_over_sigma10": 2.2243617598301526,
    "participation_ratio": 40.88263390794575,
    "total_variance": 6356.476065198311,
    "cumulative_variance_fraction": [
      0.09863550481626036,
      0.14892392988102138,
      0.18954697687137317,
      0.2226789277851678,
      0.25282362559782895,
      0.2798256165540543,
      0.30481829391766246,
      0.32720155110012317,
      0.34845774554680076,
      0.3683930297315031,
      0.3876730572551195,
      0.40510312064827375,
      0.42194313037297504,
      0.4379754816676057,
      0.45378733489216483,
      0.4684559037218602,
      0.48283140076770426,
      0.49658461439996815,
      0.5098787449422044,
      0.5228838634071239,
      0.5356283323151347,
      0.5479084101801497,
      0.5600047951634418,
      0.571921448457144,
      0.5830090895833808,
      0.5938474455387609,
      0.604530333071896,
      0.6147358685232548,
      0.624771414182916,
      0.6345253583800357,
      0.6437981424862419,
      0.6526744590910316,
      0.6615251995936962,
      0.6702932635047522,
      0.6788190410716392,
      0.687253860826471,
      0.6956098453324531,
      0.7037039545340453,
      0.7115879135946823,
      0.7193575813504702,
      0.7270673116186837,
      0.7345776930800257,
      0.7419780252061958,
      0.7492950124018012,
      0.7563996311940889,
      0.7631511767924061,
      0.7698342695023882,
      0.7764450214914662,
      0.7829590814033109,
      0.7894485128191812,
      0.7957291619029918,
      0.8018507478055613,
      0.8078215158981161,
      0.8137772582282213,
      0.819660629265982,
      0.8254337340960363,
      0.8311358322177852,
      0.836687758246346,
      0.842089959471578,
      0.847457561007885,
      0.8528163492390842,
      0.8580483181830588,
      0.8632170141242635,
      0.8683031774640217,
      0.8732191039160513,
      0.8780191173548086,
      0.8828056679351092,
      0.8875132878602174,
      0.8921123223444567,
      0.8966536566820644,
      0.9011005290558752,
      0.9054878607753626,
      0.9098605640407521,
      0.9141364972695002,
      0.9182749240115198,
      0.9223920433530322,
      0.9264315836050513,
      0.9304322281953954,
      0.9343855702586127,
      0.9382547659559062,
      0.9420808232316409,
      0.9458279286801713,
      0.9494399669872369,
      0.9529607164632607,
      0.9564362665076733,
      0.9598833238367775,
      0.963191421465612,
      0.9664491559187418,
      0.9696408458340552,
      0.9727671159128267,
      0.9758451675129661,
      0.9789010154417199,
      0.9818388150101577,
      0.9847065072531329,
      0.987441581243,
      0.9901364768631767,
      0.9926870875101838,
      0.9952008225819702,
      0.99764792348676,
      1.0000000000000002
    ]
  },
  "per_pair_contrast_svd_unit": {
    "label": "per_pair_contrast_unit",
    "n_rows": 100,
    "d": 8192,
    "singular_values": [
      3.0600624413579856,
      2.2097743405887393,
      1.8021316247115629,
      1.7476993062062915,
      1.7123905603639011,
      1.5833040812076724,
      1.534476130130047,
      1.4811693969181,
      1.4198131125311548,
      1.394623026856159,
      1.3887796480336196,
      1.3511323608740522,
      1.267515888928482,
      1.2543624031414846,
      1.2430327249258828,
      1.2392166633494515,
      1.2066170310151936,
      1.193724937328891,
      1.160826497281664,
      1.157982137281194,
      1.1299856441499727,
      1.1132736994039776,
      1.1010486830945334,
      1.0798855518154695,
      1.0700289674255985,
      1.027962705852677,
      1.0220857428515178,
      1.0151692650757762,
      1.0076463678523593,
      0.9865119189579181,
      0.9832619691130904,
      0.9652968311289862,
      0.9568870943196509,
      0.9499361132987789,
      0.9430357931804942,
      0.9339478424078287,
      0.9165545682741977,
      0.9052733271414241,
      0.903035118452079,
      0.8878718094285901,
      0.8857795803048396,
      0.877010668878675,
      0.870048867665374,
      0.8608265848214353,
      0.8581945179688938,
      0.8533544338368183,
      0.8405247330001085,
      0.8357500718578461,
      0.82204862778763,
      0.8153460747391345,
      0.8110074325261617,
      0.8054879317913386,
      0.7971067285230659,
      0.7897924294635028,
      0.7843075507362948,
      0.7824207460673556,
      0.7771747837925679,
      0.7648900551143484,
      0.7636814857580101,
      0.760470509209227,
      0.7487173905079438,
      0.745991404335416,
      0.7408994984162046,
      0.7333207454537816,
      0.7305312851558554,
      0.726569241005439,
      0.7130985854773728,
      0.7117382488771242,
      0.7057829280045643,
      0.7020798760303626,
      0.6926575314229644,
      0.6894878491852386,
      0.6848967037077192,
      0.6723774302987364,
      0.6699334285620105,
      0.6668800970324673,
      0.6622979056285168,
      0.6492345189638707,
      0.6418408830528919,
      0.6396940144042709,
      0.6368979010753942,
      0.6335228692247846,
      0.6299245282636823,
      0.6243193680618281,
      0.6189748963017626,
      0.6148359699279796,
      0.6089988188197655,
      0.6036983579421747,
      0.5965757858834704,
      0.5937878903896676,
      0.5896997097015896,
      0.5859906987224983,
      0.5789943709624636,
      0.5725987456176022,
      0.5594385256547,
      0.552806903988157,
      0.5494838851886293,
      0.5450826762914405,
      0.5133223622979749,
      0.5041898293676312
    ],
    "sigma1_over_sigma2": 1.3847850367122592,
    "sigma1_over_sigma5": 1.787011977400582,
    "sigma1_over_sigma10": 2.1941860864409772,
    "participation_ratio": 44.32882759934444,
    "total_variance": 100.0001777332178,
    "cumulative_variance_fraction": [
      0.09363965502132594,
      0.14247059459576972,
      0.1749473208016946,
      0.20549179516315697,
      0.2348145573591021,
      0.2598830309397861,
      0.2834291590298838,
      0.3053677478613912,
      0.3255264047779156,
      0.3449761040797136,
      0.36426315890813427,
      0.3825187130279614,
      0.3985846497603167,
      0.41431887217952573,
      0.42977014826984217,
      0.4451267003633775,
      0.45968592108216527,
      0.4739356880156046,
      0.48741084563368553,
      0.5008200481037017,
      0.5135887009694143,
      0.5259824622394299,
      0.5381055227181665,
      0.5497670300419922,
      0.5612166296035495,
      0.5717836840686231,
      0.5822302581589941,
      0.5925359262099437,
      0.6026894201902726,
      0.6124214605556644,
      0.6220894843714161,
      0.6314074475321769,
      0.6405637603711225,
      0.6495875305263774,
      0.6584806797924927,
      0.6672032500129703,
      0.6756039578483649,
      0.6837991412511388,
      0.6919538510090885,
      0.6998370004978932,
      0.7076830412017228,
      0.7153745046647074,
      0.7229443415318507,
      0.7303545524527978,
      0.7377195176695268,
      0.7450016426242615,
      0.752066448335604,
      0.7590512177474525,
      0.7658088452013792,
      0.7724567256018126,
      0.779034044467859,
      0.785522141018971,
      0.7918759210927606,
      0.7981136308226571,
      0.8042650032310446,
      0.8103868145893183,
      0.8164268102998699,
      0.8222773678656139,
      0.8281094516169595,
      0.8338925952921615,
      0.839498362637341,
      0.845063384499872,
      0.8505526954110768,
      0.8559302790104534,
      0.8612670291111902,
      0.8665460483483717,
      0.8716311352365814,
      0.876696839582289,
      0.881678126143515,
      0.8866072789060413,
      0.8914050149372403,
      0.8961589414296747,
      0.9008497680400145,
      0.9053706740926141,
      0.909858774102818,
      0.9143060568366996,
      0.9186924341986492,
      0.9229074813132527,
      0.9270270711829544,
      0.9311191482306206,
      0.9351755303850244,
      0.9391890355100008,
      0.9431570775705541,
      0.9470548173763469,
      0.9508861097893855,
      0.954666335769841,
      0.9583751247913296,
      0.9620196353876445,
      0.9655786557451078,
      0.9691044900662631,
      0.9725819413618985,
      0.9760157862487083,
      0.9793681251065508,
      0.9826468125140628,
      0.9857765215913971,
      0.9888324708909298,
      0.9918517909254151,
      0.9948229368846322,
      0.9974579306777246,
      1.0000000000000007
    ]
  },
  "bootstrap_stability": {
    "label": "bootstrap_half_sample",
    "n_rows": 200,
    "d": 8192,
    "singular_values": [
      11.875446178566616,
      3.8894548894372623,
      2.5079722775934177,
      2.3875582229664,
      1.8629600119029828,
      1.6013870853138077,
      1.4341422857121229,
      1.301055545672255,
      1.218117127671662,
      1.0652007955301421,
      1.0246658315426804,
      0.9382093448723939,
      0.90328007309922,
      0.8825175422212718,
      0.8362153242513574,
      0.8217679712453866,
      0.7544037136920634,
      0.7434754828081543,
      0.7339236272249098,
      0.6859416819083082,
      0.6596166956534337,
      0.6496167287826204,
      0.623848481967188,
      0.6093758691426145,
      0.5874348989501452,
      0.5660298539377479,
      0.5600869500349052,
      0.5453520404041811,
      0.5388147886311119,
      0.5278675458080763,
      0.5214783604920189,
      0.5095814484031933,
      0.5002481233616092,
      0.48903421874405034,
      0.475922002470082,
      0.46575757431598797,
      0.46149362816503503,
      0.45768973387132095,
      0.44690985692765256,
      0.4371800778317638,
      0.43275780561390503,
      0.4251685228425045,
      0.4168066052404503,
      0.4095974390273822,
      0.4029823953428438,
      0.3991733554273782,
      0.3900474982233843,
      0.3822123513222385,
      0.3763850643022934,
      0.36889701881512305,
      0.36705474016937756,
      0.3613923595258963,
      0.35811668145018183,
      0.35325764107550234,
      0.35042244765085273,
      0.34607343296163395,
      0.3414937501309963,
      0.33464165727263967,
      0.33251290376567294,
      0.3310684520038179,
      0.3261181260855123,
      0.3216873054612612,
      0.32003098880377895,
      0.3135533712239546,
      0.3114577433630254,
      0.3074102927996714,
      0.30221195971828374,
      0.2972726096825607,
      0.29576257461486916,
      0.29102087267597004,
      0.2872984415678181,
      0.28386261068616575,
      0.2784763185004111,
      0.27380083769720126,
      0.271332469270702,
      0.2677880340249412,
      0.26591402861785635,
      0.2633911013990468,
      0.25820029267376,
      0.25460382421883515,
      0.2507658299900706,
      0.24870821682329056,
      0.24694621053892687,
      0.24171371763206778,
      0.2399909421530946,
      0.23687785136962514,
      0.23339220507335942,
      0.23172217817583524,
      0.22851484831279079,
      0.22496536764728775,
      0.22192054422560356,
      0.22036655101070382,
      0.21651756071436712,
      0.21488285955913392,
      0.21163907905841187,
      0.20882284166267423,
      0.20483557702325714,
      0.20292680250797202,
      0.20255670000712286,
      0.1996123903141393,
      0.1963046770465289,
      0.19490525475871562,
      0.19174301857439374,
      0.18973220932288382,
      0.18842035753249042,
      0.18574882453963468,
      0.1831195835452495,
      0.18039188136851578,
      0.1795728516290148,
      0.175625793621828,
      0.17185550825271748,
      0.16889069474330926,
      0.1674491800995519,
      0.16696894702283394,
      0.1642062748921837,
      0.16086054298501926,
      0.15924160707556187,
      0.15858306710068348,
      0.15348326535637122,
      0.1531300859648234,
      0.1482792935090601,
      0.14643600647249266,
      0.14536563164422478,
      0.14309526507640732,
      0.1393673439539735,
      0.1390693156753579,
      0.1358997400296315,
      0.13569424511670544,
      0.13079539136876803,
      0.12986568587566397,
      0.12839886954439683,
      0.12571566737216935,
      0.12384838718572548,
      0.12309723673833887,
      0.1186271223562466,
      0.11694879737735503,
      0.11409067371708138,
      0.11233308640244345,
      0.11199069620643917,
      0.10836747401997293,
      0.10681981398282304,
      0.10373143860142295,
      0.10302250262390841,
      0.10024225976829437,
      0.09797688411076791,
      0.09593193761967622,
      0.09422586176985263,
      0.09296004844612946,
      0.0903045588555058,
      0.08893140795065137,
      0.08680156320740097,
      0.08498986890387235,
      0.08280551276583296,
      0.08132486328893468,
      0.07961688334821265,
      0.07813407682845647,
      0.0747948059378342,
      0.07367911081435466,
      0.07191013800811916,
      0.06988910861979052,
      0.06850474972781412,
      0.06834177494356342,
      0.06270869734775514,
      0.06149884405531432,
      0.06037600099825597,
      0.05997114975845899,
      0.057309461987851876,
      0.05537632854623371,
      0.05379973537944797,
      0.05078231007765676,
      0.049966114682651996,
      0.04859500696681898,
      0.04699866502282861,
      0.04473754529964341,
      0.042801097578900056,
      0.04246615507021879,
      0.04079228810695277,
      0.037306114033176276,
      0.033295531290338416,
      0.0324573566021589,
      0.03090875654465309,
      0.028485332781217763,
      0.027212174207639873,
      0.024712060444129158,
      0.02424435477437186,
      0.022086880130279582,
      0.02132148441579709,
      0.019459187320853933,
      0.01839429065953646,
      0.017491015756926607,
      0.015082927752192884,
      0.014789511956503089,
      0.013129090217880453,
      0.010227790776567386,
      0.008392536734605173,
      0.007548946813816145,
      0.0060023209365396455,
      0.0036000169662499383,
      0.0023397633886049728,
      3.502832745332437e-07
    ],
    "sigma1_over_sigma2": 3.0532417822397706,
    "sigma1_over_sigma5": 6.374504070238225,
    "sigma1_over_sigma10": 11.148551736347793,
    "participation_ratio": 1.9776397226718936,
    "total_variance": 200.00000516008927,
    "cumulative_variance_fraction": [
      0.7051310915074652,
      0.7807703862407748,
      0.812220010155246,
      0.8407221807601496,
      0.8580752803421797,
      0.8708974829964105,
      0.8811813032094213,
      0.889645030655676,
      0.8970640771478966,
      0.9027373406755141,
      0.9079870408717248,
      0.9123882246322018,
      0.9164677989792377,
      0.9203619849404073,
      0.9238582651927657,
      0.927234778098474,
      0.9300804028412175,
      0.9328441817375949,
      0.9355374011211035,
      0.9378899810153019,
      0.9400654518850976,
      0.9421754613022296,
      0.9441213958942875,
      0.9459780905958506,
      0.9477034893538574,
      0.9493054382902703,
      0.9508739252077996,
      0.9523609694092982,
      0.953812576254084,
      0.9552057969477256,
      0.9565654953149519,
      0.9578638615442371,
      0.9591151024365886,
      0.9603108747412501,
      0.9614433834742064,
      0.9625280340363855,
      0.9635929158530958,
      0.9646403152885284,
      0.9656389573638584,
      0.9665945894414676,
      0.9675309860089069,
      0.9684348273496677,
      0.9693034660581168,
      0.9701423163467631,
      0.970954290380595,
      0.9717509871984555,
      0.9725116724331812,
      0.9732421038218521,
      0.9739504323867261,
      0.9746308574216243,
      0.9753045033156479,
      0.975957525486418,
      0.9765987632575382,
      0.9772227180463311,
      0.9778366974895782,
      0.9784355315791373,
      0.9790186214709861,
      0.9795785466504506,
      0.9801313707920408,
      0.9806794023774625,
      0.9812111675245504,
      0.9817285811236756,
      0.9822406802794368,
      0.9827322588497833,
      0.9832172884667733,
      0.9836897938951784,
      0.9841464542263801,
      0.9845883092373175,
      0.985025686728747,
      0.9854491524594868,
      0.9858618544214753,
      0.9862647443198085,
      0.9866524896096321,
      0.9870273240935797,
      0.9873954306284851,
      0.987753982775069,
      0.9881075341190262,
      0.9884544084715577,
      0.9887877454186415,
      0.9891118609468135,
      0.9894262784461544,
      0.989735557323752,
      0.9900404694703828,
      0.9903325970693034,
      0.9906205753234512,
      0.9909011308985601,
      0.9911734904984781,
      0.9914419663308441,
      0.9917030615036048,
      0.9919561085802794,
      0.9922023522136731,
      0.9924451592914304,
      0.9926795585558713,
      0.9929104317665762,
      0.9931343872597216,
      0.9933524221500966,
      0.9935622102127561,
      0.9937681066433244,
      0.9939732527216205,
      0.994172478248315,
      0.9943651558744955,
      0.9945550961612578,
      0.9947389230823751,
      0.994918914634004,
      0.9950964257850875,
      0.9952689389097258,
      0.995436602814789,
      0.9955993089649094,
      0.9957605410059606,
      0.9959147630989079,
      0.9960624346736819,
      0.9962050550038567,
      0.9963452511398196,
      0.9964846442825728,
      0.9966194627826642,
      0.9967488433507734,
      0.9968756327946222,
      0.9970013757372334,
      0.9971191612979167,
      0.9972364054110296,
      0.997346339152611,
      0.9974535566698027,
      0.9975592125013933,
      0.9976615937731883,
      0.9977587100534867,
      0.9978554114238037,
      0.9979477551181218,
      0.9980398197565356,
      0.9981253569263451,
      0.9982096824060093,
      0.9982921137523838,
      0.9983711358954591,
      0.9984478280085229,
      0.9985235926550313,
      0.9985939546240086,
      0.9986623397282841,
      0.998727423135751,
      0.9987905167456266,
      0.9988532263241927,
      0.9989119438698051,
      0.9989689962316297,
      0.9990227972870133,
      0.9990758654658785,
      0.9991261080177994,
      0.9991741053656613,
      0.9992201200477515,
      0.9992645126117375,
      0.9993077204636582,
      0.9993484950293567,
      0.9993880390049369,
      0.999425711560841,
      0.9994618279489909,
      0.9994961117128283,
      0.9995291803789199,
      0.9995608746186726,
      0.9995913992876942,
      0.9996193706019489,
      0.9996465136581008,
      0.9996723689971754,
      0.9996967914340635,
      0.9997202559371345,
      0.9997436089275442,
      0.9997632708306522,
      0.999782181369265,
      0.9998004076762774,
      0.9998183903698302,
      0.9998348122415732,
      0.9998501449299939,
      0.9998646169872552,
      0.9998775112020066,
      0.999889994264767,
      0.9999018016379728,
      0.9999128460102575,
      0.9999228532497966,
      0.99993201291933,
      0.9999410297907295,
      0.9999493498443598,
      0.9999563085749016,
      0.9999618515367782,
      0.9999671189366303,
      0.9999718956926628,
      0.9999759527634764,
      0.9999796552755065,
      0.9999827087050847,
      0.9999856476487009,
      0.9999880868000075,
      0.9999903598284372,
      0.9999922531282442,
      0.9999939448778451,
      0.9999954745559666,
      0.9999966120294852,
      0.9999977056777766,
      0.999998567542804,
      0.9999990905813114,
      0.9999994427546665,
      0.9999997276876491,
      0.9999999078269276,
      0.9999999726275367,
      0.9999999999999996,
      1.0000000000000002
    ],
    "mean_pairwise_cosine": 0.7010067701339722,
    "median_pairwise_cosine": 0.7222643494606018
  },
  "per_language": {
    "groups": [
      "ar",
      "cs",
      "de",
      "en",
      "es",
      "hi",
      "ja",
      "ru",
      "sw",
      "tib",
      "zh"
    ],
    "cosine_matrix": [
      [
        1.000000238418579,
        0.29881930351257324,
        0.30340611934661865,
        0.38692012429237366,
        0.1906108856201172,
        0.30040043592453003,
        0.23205049335956573,
        0.1685599684715271,
        0.044140562415122986,
        -0.015185791999101639,
        0.23276154696941376
      ],
      [
        0.29881930351257324,
        1.0000003576278687,
        0.2817474603652954,
        0.4857611358165741,
        0.3233892023563385,
        0.3462579846382141,
        0.37832915782928467,
        0.33785301446914673,
        0.141201913356781,
        -0.005514291115105152,
        0.3257097899913788
      ],
      [
        0.30340611934661865,
        0.2817474603652954,
        1.0000004768371582,
        0.36634713411331177,
        0.36146265268325806,
        0.30706787109375,
        0.3576609492301941,
        0.34621894359588623,
        0.1652734875679016,
        0.021387776359915733,
        0.2864077687263489
      ],
      [
        0.38692012429237366,
        0.4857611358165741,
        0.36634713411331177,
        0.9999998807907104,
        0.36500680446624756,
        0.4081571102142334,
        0.44591546058654785,
        0.3878779411315918,
        0.07880400121212006,
        0.031410396099090576,
        0.49283039569854736
      ],
      [
        0.1906108856201172,
        0.3233892023563385,
        0.36146265268325806,
        0.36500680446624756,
        1.0000003576278687,
        0.2329256385564804,
        0.2963777184486389,
        0.4584057927131653,
        0.04341476410627365,
        0.038673244416713715,
        0.2672032415866852
      ],
      [
        0.30040043592453003,
        0.3462579846382141,
        0.30706787109375,
        0.4081571102142334,
        0.2329256385564804,
        1.000000238418579,
        0.4677051305770874,
        0.27230721712112427,
        0.16431699693202972,
        -0.013628598302602768,
        0.32966113090515137
      ],
      [
        0.23205049335956573,
        0.37832915782928467,
        0.3576609492301941,
        0.44591546058654785,
        0.2963777184486389,
        0.4677051305770874,
        0.9999998807907104,
        0.28783178329467773,
        0.18353959918022156,
        0.04888429492712021,
        0.4243841767311096
      ],
      [
        0.1685599684715271,
        0.33785301446914673,
        0.34621894359588623,
        0.3878779411315918,
        0.4584057927131653,
        0.27230721712112427,
        0.28783178329467773,
        0.9999995231628418,
        0.09737911075353622,
        0.05970669537782669,
        0.3357385993003845
      ],
      [
        0.04414056986570358,
        0.1412019431591034,
        0.16527345776557922,
        0.07880396395921707,
        0.04341473430395126,
        0.16431710124015808,
        0.1835395246744156,
        0.0973791554570198,
        1.0000004768371582,
        0.04409317672252655,
        0.06999395042657852
      ],
      [
        -0.015185773372650146,
        -0.0055142976343631744,
        0.021387765184044838,
        0.03141038119792938,
        0.03867325186729431,
        -0.013628574088215828,
        0.04888429492712021,
        0.0597066804766655,
        0.04409317672252655,
        1.0000003576278687,
        -0.005465804599225521
      ],
      [
        0.23276157677173615,
        0.32570987939834595,
        0.28640758991241455,
        0.49283045530319214,
        0.267203152179718,
        0.3296613395214081,
        0.4243839383125305,
        0.3357384502887726,
        0.06999395042657852,
        -0.005465804599225521,
        0.9999998807907104
      ]
    ],
    "per_group": {
      "ar": {
        "n_pos": 5,
        "n_neg": 5,
        "mean_diff_norm": 4.880336284637451
      },
      "cs": {
        "n_pos": 5,
        "n_neg": 5,
        "mean_diff_norm": 4.4275803565979
      },
      "de": {
        "n_pos": 5,
        "n_neg": 5,
        "mean_diff_norm": 4.537746429443359
      },
      "en": {
        "n_pos": 50,
        "n_neg": 50,
        "mean_diff_norm": 2.373150587081909
      },
      "es": {
        "n_pos": 5,
        "n_neg": 5,
        "mean_diff_norm": 4.60494327545166
      },
      "hi": {
        "n_pos": 5,
        "n_neg": 5,
        "mean_diff_norm": 6.356698513031006
      },
      "ja": {
        "n_pos": 5,
        "n_neg": 5,
        "mean_diff_norm": 6.069101810455322
      },
      "ru": {
        "n_pos": 5,
        "n_neg": 5,
        "mean_diff_norm": 4.119733810424805
      },
      "sw": {
        "n_pos": 5,
        "n_neg": 5,
        "mean_diff_norm": 4.203882217407227
      },
      "tib": {
        "n_pos": 5,
        "n_neg": 5,
        "mean_diff_norm": 4.647490501403809
      },
      "zh": {
        "n_pos": 5,
        "n_neg": 5,
        "mean_diff_norm": 4.596135139465332
      }
    },
    "cos_with_global_md": {
      "ar": 0.4996834099292755,
      "cs": 0.6156104803085327,
      "de": 0.5532179474830627,
      "en": 0.8917275667190552,
      "es": 0.5257302522659302,
      "hi": 0.6041350364685059,
      "ja": 0.646666407585144,
      "ru": 0.5477267503738403,
      "sw": 0.23960484564304352,
      "tib": 0.1353463977575302,
      "zh": 0.6065875291824341
    }
  },
  "per_register": {
    "groups": [
      "bureaucratic",
      "casual",
      "clinical",
      "confessional",
      "dialog",
      "diary",
      "journalistic",
      "letter",
      "poetic",
      "terse"
    ],
    "cosine_matrix": [
      [
        1.0000007152557373,
        0.32540416717529297,
        0.17436930537223816,
        0.3652764856815338,
        0.17970317602157593,
        0.3368031680583954,
        0.3376011252403259,
        0.2383546382188797,
        0.1807713359594345,
        0.26797664165496826
      ],
      [
        0.32540416717529297,
        1.000001072883606,
        0.4142312705516815,
        0.285654753446579,
        0.3126305937767029,
        0.5977222323417664,
        0.5026479363441467,
        0.3304283916950226,
        0.437595009803772,
        0.33322393894195557
      ],
      [
        0.17436930537223816,
        0.4142312705516815,
        1.000000238418579,
        0.10709415376186371,
        0.42185935378074646,
        0.4118502140045166,
        0.5021395683288574,
        0.3539596199989319,
        0.4281580448150635,
        0.23948021233081818
      ],
      [
        0.3652764856815338,
        0.285654753446579,
        0.10709415376186371,
        0.9999998211860657,
        0.1359272301197052,
        0.3683983087539673,
        0.24302320182323456,
        0.20156197249889374,
        0.2894655764102936,
        0.2335192859172821
      ],
      [
        0.17970317602157593,
        0.3126305937767029,
        0.42185935378074646,
        0.1359272301197052,
        1.0000001192092896,
        0.3231234848499298,
        0.39594608545303345,
        0.398681104183197,
        0.3951556086540222,
        0.23588377237319946
      ],
      [
        0.3368031680583954,
        0.5977222323417664,
        0.4118502140045166,
        0.3683983087539673,
        0.3231234848499298,
        1.0000001192092896,
        0.5442604422569275,
        0.3206939995288849,
        0.5756739377975464,
        0.2891770601272583
      ],
      [
        0.3376011252403259,
        0.5026479363441467,
        0.5021395683288574,
        0.24302320182323456,
        0.39594608545303345,
        0.5442604422569275,
        1.0000001192092896,
        0.41014334559440613,
        0.524329423904419,
        0.29577773809432983
      ],
      [
        0.2383546382188797,
        0.3304283916950226,
        0.3539596199989319,
        0.20156197249889374,
        0.398681104183197,
        0.3206939995288849,
        0.41014334559440613,
        0.9999996423721313,
        0.33429867029190063,
        0.300628662109375
      ],
      [
        0.1807713657617569,
        0.43759480118751526,
        0.4281582236289978,
        0.28946566581726074,
        0.39515572786331177,
        0.5756738185882568,
        0.524329662322998,
        0.3342985510826111,
        1.0000008344650269,
        0.3056311011314392
      ],
      [
        0.2679765522480011,
        0.33322370052337646,
        0.2394801825284958,
        0.2335192859172821,
        0.23588387668132782,
        0.28917717933654785,
        0.2957776188850403,
        0.3006287217140198,
        0.3056311011314392,
        1.0000008344650269
      ]
    ],
    "per_group": {
      "bureaucratic": {
        "n_pos": 5,
        "n_neg": 5,
        "mean_diff_norm": 4.090170860290527
      },
      "casual": {
        "n_pos": 15,
        "n_neg": 15,
        "mean_diff_norm": 3.1813950538635254
      },
      "clinical": {
        "n_pos": 15,
        "n_neg": 15,
        "mean_diff_norm": 3.719902753829956
      },
      "confessional": {
        "n_pos": 5,
        "n_neg": 5,
        "mean_diff_norm": 3.832742929458618
      },
      "dialog": {
        "n_pos": 5,
        "n_neg": 5,
        "mean_diff_norm": 4.147410869598389
      },
      "diary": {
        "n_pos": 15,
        "n_neg": 15,
        "mean_diff_norm": 2.942981719970703
      },
      "journalistic": {
        "n_pos": 15,
        "n_neg": 15,
        "mean_diff_norm": 2.7584640979766846
      },
      "letter": {
        "n_pos": 5,
        "n_neg": 5,
        "mean_diff_norm": 4.15774393081665
      },
      "poetic": {
        "n_pos": 15,
        "n_neg": 15,
        "mean_diff_norm": 2.9599509239196777
      },
      "terse": {
        "n_pos": 5,
        "n_neg": 5,
        "mean_diff_norm": 5.213366985321045
      }
    },
    "cos_with_global_md": {
      "bureaucratic": 0.4605309069156647,
      "casual": 0.7509948015213013,
      "clinical": 0.7067369222640991,
      "confessional": 0.4310747981071472,
      "dialog": 0.5605883002281189,
      "diary": 0.7814818620681763,
      "journalistic": 0.7732343673706055,
      "letter": 0.5562770962715149,
      "poetic": 0.7379564046859741,
      "terse": 0.5032527446746826
    }
  },
  "pair_id_order": [
    "pair_ar_casual",
    "pair_ar_clinical",
    "pair_ar_diary",
    "pair_ar_journalistic",
    "pair_ar_poetic",
    "pair_cs_casual",
    "pair_cs_clinical",
    "pair_cs_diary",
    "pair_cs_journalistic",
    "pair_cs_poetic",
    "pair_de_casual",
    "pair_de_clinical",
    "pair_de_diary",
    "pair_de_journalistic",
    "pair_de_poetic",
    "pair_en_bureaucratic_01",
    "pair_en_bureaucratic_02",
    "pair_en_bureaucratic_03",
    "pair_en_bureaucratic_04",
    "pair_en_bureaucratic_05",
    "pair_en_casual_01",
    "pair_en_casual_02",
    "pair_en_casual_03",
    "pair_en_casual_04",
    "pair_en_casual_05",
    "pair_en_clinical_01",
    "pair_en_clinical_02",
    "pair_en_clinical_03",
    "pair_en_clinical_04",
    "pair_en_clinical_05",
    "pair_en_confessional_01",
    "pair_en_confessional_02",
    "pair_en_confessional_03",
    "pair_en_confessional_04",
    "pair_en_confessional_05",
    "pair_en_dialog_01",
    "pair_en_dialog_02",
    "pair_en_dialog_03",
    "pair_en_dialog_04",
    "pair_en_dialog_05",
    "pair_en_diary_01",
    "pair_en_diary_02",
    "pair_en_diary_03",
    "pair_en_diary_04",
    "pair_en_diary_05",
    "pair_en_journalistic_01",
    "pair_en_journalistic_02",
    "pair_en_journalistic_03",
    "pair_en_journalistic_04",
    "pair_en_journalistic_05",
    "pair_en_letter_01",
    "pair_en_letter_02",
    "pair_en_letter_03",
    "pair_en_letter_04",
    "pair_en_letter_05",
    "pair_en_poetic_01",
    "pair_en_poetic_02",
    "pair_en_poetic_03",
    "pair_en_poetic_04",
    "pair_en_poetic_05",
    "pair_en_terse_01",
    "pair_en_terse_02",
    "pair_en_terse_03",
    "pair_en_terse_04",
    "pair_en_terse_05",
    "pair_es_casual",
    "pair_es_clinical",
    "pair_es_diary",
    "pair_es_journalistic",
    "pair_es_poetic",
    "pair_hi_casual",
    "pair_hi_clinical",
    "pair_hi_diary",
    "pair_hi_journalistic",
    "pair_hi_poetic",
    "pair_ja_casual",
    "pair_ja_clinical",
    "pair_ja_diary",
    "pair_ja_journalistic",
    "pair_ja_poetic",
    "pair_ru_casual",
    "pair_ru_clinical",
    "pair_ru_diary",
    "pair_ru_journalistic",
    "pair_ru_poetic",
    "pair_sw_casual",
    "pair_sw_clinical",
    "pair_sw_diary",
    "pair_sw_journalistic",
    "pair_sw_poetic",
    "pair_tib_casual",
    "pair_tib_clinical",
    "pair_tib_diary",
    "pair_tib_journalistic",
    "pair_tib_poetic",
    "pair_zh_casual",
    "pair_zh_clinical",
    "pair_zh_diary",
    "pair_zh_journalistic",
    "pair_zh_poetic"
  ],
  "timestamp": "2026-04-13T19:54:57"
}