{
  "model": "Qwen/Qwen2.5-72B-Instruct",
  "key": "qwen25-72b",
  "layer": 30,
  "n_layers": 80,
  "n_probes": 200,
  "n_pairs": 100,
  "d": 8192,
  "mean_diff_norm": 7.322195529937744,
  "per_pair_contrast_svd_raw": {
    "label": "per_pair_contrast_raw",
    "n_rows": 100,
    "d": 8192,
    "singular_values": [
      84.71473306302846,
      81.95700349395423,
      66.87142862650012,
      63.99817938517176,
      54.8502692269497,
      48.793073899235644,
      44.6596056375777,
      44.17467221513201,
      42.01674777007194,
      41.04199671094942,
      39.770225397124854,
      38.10883870874938,
      36.818650372250985,
      35.876140667499286,
      34.58956169254665,
      34.08091746358139,
      33.22514582012481,
      32.88821555588262,
      32.61511398020005,
      32.23047485606403,
      31.28257940826723,
      30.785760382554184,
      30.062096817414965,
      29.710072234867255,
      29.1334651341292,
      28.64453102513466,
      28.329608993407916,
      28.23683069309277,
      27.75392540661492,
      27.216235248970097,
      27.17813363472652,
      26.83157629151534,
      26.250521973331505,
      26.14149099757945,
      25.707141568114615,
      25.125325581909767,
      25.00320861811197,
      24.691581902977703,
      24.389589867994292,
      24.21164403048958,
      24.057732918221834,
      23.772598524328934,
      23.670761485742815,
      23.128438523837936,
      23.018624836578105,
      22.82858531683106,
      22.546970237021547,
      22.46410040767293,
      22.37822281248054,
      21.998797433732868,
      21.703721682928318,
      21.569179457887483,
      21.459077287393796,
      21.29719355543814,
      21.12175591658273,
      21.07461008153181,
      20.82312032382073,
      20.593035758953494,
      20.16732206106334,
      20.091144921393955,
      19.970480148365063,
      19.814184115419188,
      19.65469419973667,
      19.462253913178877,
      19.349595875113653,
      19.1563275483604,
      19.03540808491604,
      18.629587923164625,
      18.57029456266243,
      18.39307464214891,
      18.1111558764968,
      17.993799012283144,
      17.896475570441655,
      17.78214221800903,
      17.584646973993184,
      17.393293084866006,
      17.17087729269649,
      16.996700946533377,
      16.71277504794043,
      16.553794385364494,
      16.360405664877216,
      16.3200835864011,
      16.234208904613798,
      15.96462022083414,
      15.732011974083678,
      15.646942676311172,
      15.422738550115929,
      15.311714837921429,
      15.218153856353155,
      15.10664155054675,
      14.880895417024197,
      14.761696024249966,
      14.568066013135423,
      14.420372723529601,
      14.098690318112382,
      13.95122134051554,
      13.798329690605698,
      13.677595466655392,
      13.211958650939277,
      12.97444778996503
    ],
    "sigma1_over_sigma2": 1.033648491910489,
    "sigma1_over_sigma5": 1.544472511383871,
    "sigma1_over_sigma10": 2.064098724524964,
    "participation_ratio": 35.37854249486203,
    "total_variance": 83475.11019635433,
    "cumulative_variance_fraction": [
      0.08597276458885819,
      0.16643927018445523,
      0.22000958540812296,
      0.26907531236532445,
      0.3051166188960016,
      0.3336372648099288,
      0.3575303794283156,
      0.38090742751755047,
      0.40205633153242587,
      0.4222353464514759,
      0.4411831600502556,
      0.45858096383048835,
      0.4748206910024,
      0.4902396280504209,
      0.50457249655779,
      0.5184869308415818,
      0.5317113556092986,
      0.544668927272348,
      0.5574121947857331,
      0.5698566648439798,
      0.5815799171060329,
      0.5929337570722536,
      0.603760093963979,
      0.6143343644276504,
      0.6245021711993339,
      0.6343315581353902,
      0.643946001816046,
      0.6534975748024714,
      0.6627252400749587,
      0.6715988247804465,
      0.6804475815671049,
      0.6890721102990102,
      0.6973271446709498,
      0.7055137472398959,
      0.7134305637142747,
      0.7209930812612662,
      0.7284822650398834,
      0.7357859297542798,
      0.742912031085919,
      0.7499345280347729,
      0.7568680260775196,
      0.7636381452096728,
      0.7703503849179756,
      0.7767585785375188,
      0.7831060644901672,
      0.7893491746381139,
      0.7954392039375462,
      0.8014845485431297,
      0.8074837602251156,
      0.8132812618683246,
      0.8189242796946201,
      0.824497551792042,
      0.8300140703919353,
      0.8354476715249065,
      0.840792121768222,
      0.8461127399626022,
      0.8513071307097407,
      0.8563873650547091,
      0.8612597261472306,
      0.8660953484459367,
      0.8708730609451251,
      0.8755762819559896,
      0.8802040926072899,
      0.8847417245611751,
      0.8892269760289421,
      0.8936230754683663,
      0.8979638515405028,
      0.9021215165662877,
      0.9062527580744794,
      0.9103055253484115,
      0.914235007638536,
      0.918113730315665,
      0.9219506086029775,
      0.9257386189586118,
      0.9294429544003094,
      0.9330671082783267,
      0.9365991674311366,
      0.9400599336689571,
      0.9434060430558874,
      0.9466887953386738,
      0.9498952945321428,
      0.9530860076398058,
      0.9562432306508172,
      0.9592964652999951,
      0.9622613754411202,
      0.9651943073598668,
      0.9680437898442352,
      0.9708523948371048,
      0.9736267811931202,
      0.9763606574156241,
      0.9790134367637617,
      0.9816238875795771,
      0.9841663046768875,
      0.9866574322596647,
      0.9890386578515623,
      0.991370329848571,
      0.9936511762206548,
      0.995892282788941,
      0.9979833953491226,
      1.0000000000000007
    ]
  },
  "per_pair_contrast_svd_unit": {
    "label": "per_pair_contrast_unit",
    "n_rows": 100,
    "d": 8192,
    "singular_values": [
      2.8096160494096294,
      2.6632606811600996,
      2.162444153374124,
      2.034233137017407,
      1.7182213786923597,
      1.6861971647740135,
      1.5500159472476907,
      1.5089371256626092,
      1.4559651523789094,
      1.4126744303477694,
      1.3710137167511338,
      1.3545141816393578,
      1.32461770549946,
      1.286866589635452,
      1.2305513694679053,
      1.2072362863095767,
      1.1835309794856173,
      1.1398279246107765,
      1.1309583790619282,
      1.121645858215886,
      1.1176719424638757,
      1.0985433803097817,
      1.0700799962302967,
      1.0537146865601679,
      1.0394475892420738,
      1.015283514958752,
      1.0092528345945606,
      0.9866500228226225,
      0.9739238793742783,
      0.9556874540604108,
      0.950826816110599,
      0.9365159650157194,
      0.9300691473695257,
      0.916393668092022,
      0.9089874249783134,
      0.9056034224258697,
      0.8900436263022499,
      0.8815223858505682,
      0.8728115427788651,
      0.8576433988074521,
      0.8513415278186929,
      0.8445259474775556,
      0.8323148988552527,
      0.8295713948944317,
      0.8196714671495463,
      0.8103657849065156,
      0.8080207339389825,
      0.7946089493657269,
      0.7911655828263078,
      0.7812527495443297,
      0.7807187971001629,
      0.7744546690855564,
      0.7674432857746967,
      0.7614604369392617,
      0.7574936203859453,
      0.7533955403909723,
      0.7438029627904247,
      0.7384625667762886,
      0.7286917597084874,
      0.7213088059829771,
      0.7159144654745527,
      0.7131500862979212,
      0.7099881429554035,
      0.7019298223942414,
      0.6986063181670159,
      0.6911728523219729,
      0.6863616399662049,
      0.6772860763869158,
      0.6707881173207426,
      0.6698130146677217,
      0.664515908674997,
      0.656501227769715,
      0.650209467396742,
      0.648791663704379,
      0.6449500730285859,
      0.638333173351363,
      0.6313759312302623,
      0.6242192068654866,
      0.6178043953630361,
      0.6142891475487273,
      0.6055665525743071,
      0.6050480286486544,
      0.6007386427958195,
      0.5956579281706645,
      0.587868009625355,
      0.5834983827845062,
      0.5788708363409444,
      0.5721146935295938,
      0.5670206929785346,
      0.5596541937991603,
      0.554572047777248,
      0.546733745715982,
      0.5385543992911216,
      0.5313396381904675,
      0.5266632291545732,
      0.5234750333754004,
      0.5214706103189781,
      0.5133608621142008,
      0.50730532163621,
      0.4560359766096982
    ],
    "sigma1_over_sigma2": 1.0549534520915835,
    "sigma1_over_sigma5": 1.6351886225207302,
    "sigma1_over_sigma10": 1.9888631018245044,
    "participation_ratio": 41.03050891994454,
    "total_variance": 100.0002047208864,
    "cumulative_variance_fraction": [
      0.07893926184584517,
      0.14986869119662224,
      0.19663024263057896,
      0.23801120247250795,
      0.26753398909515225,
      0.29596653967270187,
      0.3199919848548191,
      0.3427608507342244,
      0.3639591525862904,
      0.38391560219285387,
      0.40271234982718307,
      0.42105939894956285,
      0.4386054836862892,
      0.45516570597925515,
      0.47030824170831514,
      0.4848824063817814,
      0.49888983349967425,
      0.5118818838794587,
      0.5246725262460461,
      0.5372533948029089,
      0.549745274939131,
      0.5618132258177393,
      0.5732639143591106,
      0.5843670380354233,
      0.5951715288241856,
      0.6054795138790571,
      0.6156654058677804,
      0.6254001686140466,
      0.6348854264238971,
      0.6440187928244732,
      0.6530594906586267,
      0.6618300942306625,
      0.6704803627106429,
      0.6788781190678732,
      0.6871406835403651,
      0.6953418423379745,
      0.7032636026876892,
      0.7110344039467926,
      0.7186523882432679,
      0.7260078951801889,
      0.7332557043122966,
      0.7403879304707685,
      0.7473153971973615,
      0.7541972701010012,
      0.7609158694872159,
      0.7674827830968437,
      0.7740117447954484,
      0.7803257656934499,
      0.7865851826736049,
      0.792688728765077,
      0.7987839346883726,
      0.8047817227543319,
      0.8106714026657337,
      0.8164696107658279,
      0.8222075648682915,
      0.8278836016510688,
      0.8334160187996135,
      0.8388692772609527,
      0.8441791831971368,
      0.8493820364816953,
      0.8545073612078422,
      0.8595931812519737,
      0.8646340025637322,
      0.8695610472327069,
      0.874441545119137,
      0.8792187344571015,
      0.883929647821049,
      0.8885168027228607,
      0.8930163604947132,
      0.8975028460561228,
      0.9019186509448694,
      0.9062285807421745,
      0.9104562956020827,
      0.9146655932136943,
      0.9188251906651254,
      0.9228998747254042,
      0.9268862222298871,
      0.9307827104351597,
      0.9345995253306413,
      0.9383730291734521,
      0.9420401301620978,
      0.9457009538373433,
      0.9493098156187311,
      0.9528578920290033,
      0.956313772921502,
      0.9597184695784982,
      0.9630693771701512,
      0.9663425226948632,
      0.9695576407755035,
      0.972689762529766,
      0.9757652577953434,
      0.9787544295629307,
      0.9816548320351592,
      0.9844780443665777,
      0.9872517802575963,
      0.9899920357533947,
      0.9927113461606628,
      0.9953467345129787,
      0.9979203161379238,
      1.0000000000000002
    ]
  },
  "bootstrap_stability": {
    "label": "bootstrap_half_sample",
    "n_rows": 200,
    "d": 8192,
    "singular_values": [
      11.948085480317667,
      3.3214320380489926,
      2.647157206891258,
      2.1963413416217663,
      1.8103579201412259,
      1.5488997857855178,
      1.4990240591366601,
      1.3020240712915827,
      1.266344820956056,
      1.1202014530373094,
      1.052596781629752,
      1.0171628106858994,
      0.9556556719099698,
      0.9457419935206328,
      0.8862028114709852,
      0.8666566083491234,
      0.7952576028933311,
      0.7691522163627549,
      0.7444530104898445,
      0.7406334191279395,
      0.7079694314755972,
      0.6800550123118914,
      0.66297082545283,
      0.63471085363921,
      0.6204469965046915,
      0.6160829451451256,
      0.5942295071668172,
      0.5912081579181397,
      0.5698682194622194,
      0.5544102087169739,
      0.5417467330451083,
      0.5319050877476418,
      0.5226527487439968,
      0.521496797934571,
      0.5035486584680511,
      0.4981660473554901,
      0.4860583827328461,
      0.48170288975857056,
      0.47862658803566144,
      0.47099591145126724,
      0.4576786478125335,
      0.4507078177864878,
      0.45034654973397015,
      0.44368041193605673,
      0.42916492354325464,
      0.4185073526191689,
      0.41651982362351836,
      0.4150138291500259,
      0.41011128240208905,
      0.4038348259890477,
      0.39630725254367166,
      0.3935704706835946,
      0.38882381590858545,
      0.38434613402488516,
      0.37745928073368534,
      0.37149073088216966,
      0.3628605327920568,
      0.3600838020059772,
      0.35609158965564897,
      0.3477190769693048,
      0.3450172854952055,
      0.3396690962330847,
      0.3378526645492056,
      0.3345596166008982,
      0.3299566610597978,
      0.3263289629963965,
      0.3186736914152036,
      0.3169195618052258,
      0.3133523391236259,
      0.3127509272158796,
      0.30765094138506743,
      0.30457220224737414,
      0.3006594518035276,
      0.29755933354642583,
      0.2913604710859157,
      0.2866050601445829,
      0.28296176769373627,
      0.28044387622943984,
      0.2788218366302164,
      0.27644402518125955,
      0.27187144555562714,
      0.2678347217795738,
      0.26669211209283994,
      0.26366194676544763,
      0.25781140897090066,
      0.2527238266261472,
      0.25023062688084863,
      0.247319430226546,
      0.24321366608750702,
      0.2424956772189946,
      0.23722406379631533,
      0.23443514005477403,
      0.22933470842484938,
      0.22899132457959162,
      0.22433640952779618,
      0.22288426492147678,
      0.21985881179659303,
      0.2182297357095036,
      0.21364370474943026,
      0.2116362931994504,
      0.21008552846162293,
      0.20667427041264616,
      0.20305814780861303,
      0.19980952701484814,
      0.19695190745905616,
      0.1956467972463724,
      0.19205216020040466,
      0.18966852302532453,
      0.18713129466037673,
      0.18319997508435917,
      0.18205875759929738,
      0.1811367762415135,
      0.17928941918503782,
      0.1760136722827096,
      0.1746878455019497,
      0.170438493669071,
      0.16873680263838445,
      0.1666399927934534,
      0.16420201447709426,
      0.16104934573550866,
      0.15903995273776422,
      0.15674132174372513,
      0.1553692320072735,
      0.15242486468190947,
      0.15096993657014077,
      0.14686914372058213,
      0.1453513365935738,
      0.1446523973798539,
      0.14026510844422527,
      0.13687342441116368,
      0.13584454425565903,
      0.1355733225378457,
      0.13163272177140634,
      0.13072938206189824,
      0.12908275830645086,
      0.12398142653630483,
      0.12186518666943165,
      0.1212637092887438,
      0.11755233933480007,
      0.11530152155920069,
      0.11289718814347653,
      0.11269361674240427,
      0.10947378191026974,
      0.10695566982113458,
      0.1049585827157275,
      0.10223012530688783,
      0.10147701476644516,
      0.09952632805021508,
      0.09474720931014473,
      0.09184937274969518,
      0.0911262226986555,
      0.08958409108788767,
      0.0888644292860889,
      0.0866705716564315,
      0.08368303476065267,
      0.08124566304534164,
      0.08008008772801872,
      0.07713667492236494,
      0.07608615534751682,
      0.07561514018039867,
      0.07361202214462513,
      0.06849621179405443,
      0.06778108972099779,
      0.06577315461946048,
      0.06421403437179352,
      0.06273932737577127,
      0.06024187689296248,
      0.05891694021718277,
      0.05655640664431588,
      0.05494929672099548,
      0.053228790630584166,
      0.051914675488110976,
      0.05033774833249416,
      0.04843926730935494,
      0.044534304897575185,
      0.0433336970276067,
      0.040788716029072275,
      0.040646637251764844,
      0.0366034144991201,
      0.03287836026665088,
      0.03184604606696483,
      0.02876516757631891,
      0.02820690151510942,
      0.027489072906976216,
      0.025411144350648195,
      0.024086924675557526,
      0.02324476676911519,
      0.02036899154284102,
      0.019458143696554273,
      0.019014380475236375,
      0.01608323514357923,
      0.015071046605815383,
      0.013951402001417227,
      0.010922254804267619,
      0.00912340353193501,
      0.00812909958006465,
      0.006333601879572067,
      0.0039425559155855565,
      0.0022677502564547123,
      2.247069597590932e-07
    ],
    "sigma1_over_sigma2": 3.5972692933184227,
    "sigma1_over_sigma5": 6.599847106137773,
    "sigma1_over_sigma10": 10.666014981431848,
    "participation_ratio": 1.940650363861116,
    "total_variance": 200.00000254829797,
    "cumulative_variance_fraction": [
      0.7137837241302212,
      0.7689432773442978,
      0.8039804832878532,
      0.8281000594251183,
      0.8444870382114141,
      0.8564824907906063,
      0.8677178562968038,
      0.8761941895999161,
      0.8842123355255641,
      0.8904865919225553,
      0.8960263917754566,
      0.9011994926267557,
      0.9057658813848415,
      0.9102380209194016,
      0.9141647979846641,
      0.9179202663207898,
      0.9210824395552972,
      0.924040415177287,
      0.9268114665661166,
      0.9295541558388165,
      0.9320602593864044,
      0.9343726334557939,
      0.9365702850048007,
      0.9385845743177728,
      0.9405093466706067,
      0.9424071376229195,
      0.9441726811363624,
      0.9459203165440397,
      0.9475440654611159,
      0.9490809188391822,
      0.95054836643431,
      0.9519629815281447,
      0.9533288109895903,
      0.9546886055235446,
      0.9559564117646158,
      0.9571972588024946,
      0.9583785225445679,
      0.9595387108997941,
      0.9606841279390731,
      0.9617933136679594,
      0.9628406623779323,
      0.9638563500500601,
      0.9648704101114259,
      0.9658546716385638,
      0.9667755842848296,
      0.9676513262946528,
      0.9685187701009571,
      0.9693799524819132,
      0.9702209087909656,
      0.9710363216139839,
      0.9718216187960717,
      0.972596107363174,
      0.973352027152631,
      0.9740906368969194,
      0.9748030144309026,
      0.9754930412377674,
      0.9761513800606699,
      0.976799681774745,
      0.9774336878677843,
      0.9780382306425234,
      0.9786334152713922,
      0.979210290738721,
      0.9797810128461641,
      0.980340663524334,
      0.9808850205082869,
      0.9814174734619541,
      0.9819252380634853,
      0.9824274281003607,
      0.9829183765362766,
      0.983407442242417,
      0.9838806877450628,
      0.9843445088710621,
      0.9847964893950971,
      0.9852391971743594,
      0.9856636517895083,
      0.9860743640867776,
      0.9864747008915585,
      0.986867944725121,
      0.9872566528030775,
      0.987638759293501,
      0.9880083297033346,
      0.9883670068897182,
      0.9887226302984498,
      0.9890702184048817,
      0.989402552013625,
      0.9897218986722789,
      0.9900349755014357,
      0.9903408100003768,
      0.990636574433467,
      0.9909305951970703,
      0.9912119714757053,
      0.9914867706466665,
      0.9917497426857574,
      0.9920119278160804,
      0.9922635619360733,
      0.9925119489106564,
      0.9927536383932001,
      0.9929917594779053,
      0.9932199776378928,
      0.9934439272380354,
      0.9936646068815687,
      0.9938781781491004,
      0.9940843412034309,
      0.9942839604363171,
      0.9944779107031045,
      0.9946692990470298,
      0.9948537192058683,
      0.9950335899467095,
      0.9952086805516851,
      0.9953764917039014,
      0.9955422186578827,
      0.9957062713143283,
      0.9958669947914389,
      0.9960218988536175,
      0.996174478068504,
      0.9963197244672742,
      0.9964620850082834,
      0.9966009294425053,
      0.9967357409485793,
      0.9968654254057361,
      0.9969918939369589,
      0.9971147331451036,
      0.9972354311348383,
      0.9973515978302246,
      0.9974655574375125,
      0.9975734101630245,
      0.9976790452169262,
      0.9977836667959319,
      0.9978820382979129,
      0.9979757099682696,
      0.998067978668114,
      0.9981598792958628,
      0.9982465151619637,
      0.9983319660175463,
      0.9984152778089448,
      0.9984921347785953,
      0.998566390396259,
      0.9986399148312746,
      0.9987090075928097,
      0.9987754797963321,
      0.9988392086709735,
      0.998902707926437,
      0.9989626304703021,
      0.9990198280461078,
      0.9990749095658344,
      0.99912716455777,
      0.9991786524797435,
      0.9992281799289883,
      0.9992730650967767,
      0.9993152466326117,
      0.9993567665743993,
      0.9993968931207683,
      0.9994363775542269,
      0.9994739364937046,
      0.9995089507447923,
      0.9995419550331902,
      0.9995740191350343,
      0.9996037694677457,
      0.9996327149825547,
      0.9996613032293129,
      0.9996883968779888,
      0.9997118555328406,
      0.9997348269131667,
      0.9997564574522341,
      0.9997770746630229,
      0.9997967557787699,
      0.9998149011971966,
      0.9998322572261983,
      0.9998482503616571,
      0.9998633474875155,
      0.999877514008095,
      0.9998909896755785,
      0.9999036591199529,
      0.9999153909328908,
      0.9999253074543281,
      0.9999346965006989,
      0.9999430150973693,
      0.9999512758428635,
      0.999957974892543,
      0.9999633798253432,
      0.9999684506785291,
      0.9999725878528049,
      0.9999765659992197,
      0.999980344244818,
      0.9999835728760628,
      0.9999864737757275,
      0.9999891753716039,
      0.9999912498506598,
      0.9999931429474164,
      0.9999949506807176,
      0.9999962440329646,
      0.9999973797151791,
      0.9999983529232558,
      0.9999989494014984,
      0.9999993655839531,
      0.9999996959952487,
      0.99999989656781,
      0.9999999742865447,
      1.0000000000000007,
      1.0000000000000009
    ],
    "mean_pairwise_cosine": 0.7104651927947998,
    "median_pairwise_cosine": 0.7254736423492432
  },
  "per_language": {
    "groups": [
      "ar",
      "cs",
      "de",
      "en",
      "es",
      "hi",
      "ja",
      "ru",
      "sw",
      "tib",
      "zh"
    ],
    "cosine_matrix": [
      [
        1.000000238418579,
        0.11658897250890732,
        0.2802821397781372,
        0.33767637610435486,
        0.20672765374183655,
        0.2614087760448456,
        0.23070359230041504,
        0.2350272238254547,
        0.062442347407341,
        0.03141302242875099,
        0.09626544266939163
      ],
      [
        0.11658897250890732,
        1.000001072883606,
        0.022436965256929398,
        0.3021550178527832,
        0.25238651037216187,
        0.12263382971286774,
        -0.03567861020565033,
        0.24412433803081512,
        -0.08255339413881302,
        -0.042746253311634064,
        0.4374784827232361
      ],
      [
        0.2802821397781372,
        0.022436965256929398,
        1.000000238418579,
        0.40442955493927,
        0.3191634714603424,
        0.2661757171154022,
        0.33676353096961975,
        0.31747275590896606,
        0.1994650661945343,
        0.0300469771027565,
        0.23161470890045166
      ],
      [
        0.33767637610435486,
        0.3021550178527832,
        0.40442955493927,
        1.0000004768371582,
        0.35436517000198364,
        0.26877525448799133,
        0.38666611909866333,
        0.4000762104988098,
        0.11795995384454727,
        0.0006099417805671692,
        0.33435022830963135
      ],
      [
        0.20672765374183655,
        0.25238651037216187,
        0.3191634714603424,
        0.35436517000198364,
        1.0000011920928955,
        0.2150590717792511,
        0.19755081832408905,
        0.34957101941108704,
        0.007044009864330292,
        -0.017838694155216217,
        0.2182127833366394
      ],
      [
        0.2614087760448456,
        0.12263382971286774,
        0.2661757171154022,
        0.26877525448799133,
        0.2150590717792511,
        1.0000003576278687,
        0.17964360117912292,
        0.1529841423034668,
        0.008104324340820312,
        -0.04045025259256363,
        0.17741836607456207
      ],
      [
        0.23070359230041504,
        -0.03567861020565033,
        0.33676353096961975,
        0.38666611909866333,
        0.19755081832408905,
        0.17964360117912292,
        0.9999998807907104,
        0.3107338547706604,
        0.3149871826171875,
        0.03305860236287117,
        0.18054774403572083
      ],
      [
        0.2350272238254547,
        0.24412433803081512,
        0.31747275590896606,
        0.4000762104988098,
        0.34957101941108704,
        0.1529841423034668,
        0.3107338547706604,
        1.0000003576278687,
        0.1278282105922699,
        -0.002427220344543457,
        0.34472858905792236
      ],
      [
        0.062442343682050705,
        -0.08255331218242645,
        0.1994650959968567,
        0.11795992404222488,
        0.007044012658298016,
        0.008104315958917141,
        0.3149872124195099,
        0.1278281807899475,
        1.000000238418579,
        0.02946465276181698,
        0.08460044860839844
      ],
      [
        0.031413011252880096,
        -0.042746298015117645,
        0.030046969652175903,
        0.0006099380552768707,
        -0.017838681116700172,
        -0.04045025259256363,
        0.03305859863758087,
        -0.0024272166192531586,
        0.02946465276181698,
        1.0000003576278687,
        -0.04051872342824936
      ],
      [
        0.09626545757055283,
        0.437478631734848,
        0.23161472380161285,
        0.3343501687049866,
        0.21821267902851105,
        0.17741850018501282,
        0.1805477738380432,
        0.3447287678718567,
        0.08460044860839844,
        -0.04051872342824936,
        0.9999998807907104
      ]
    ],
    "per_group": {
      "ar": {
        "n_pos": 5,
        "n_neg": 5,
        "mean_diff_norm": 15.092864990234375
      },
      "cs": {
        "n_pos": 5,
        "n_neg": 5,
        "mean_diff_norm": 17.428050994873047
      },
      "de": {
        "n_pos": 5,
        "n_neg": 5,
        "mean_diff_norm": 16.342992782592773
      },
      "en": {
        "n_pos": 50,
        "n_neg": 50,
        "mean_diff_norm": 8.3757963180542
      },
      "es": {
        "n_pos": 5,
        "n_neg": 5,
        "mean_diff_norm": 14.677123069763184
      },
      "hi": {
        "n_pos": 5,
        "n_neg": 5,
        "mean_diff_norm": 17.81705665588379
      },
      "ja": {
        "n_pos": 5,
        "n_neg": 5,
        "mean_diff_norm": 19.157312393188477
      },
      "ru": {
        "n_pos": 5,
        "n_neg": 5,
        "mean_diff_norm": 14.834630012512207
      },
      "sw": {
        "n_pos": 5,
        "n_neg": 5,
        "mean_diff_norm": 15.231037139892578
      },
      "tib": {
        "n_pos": 5,
        "n_neg": 5,
        "mean_diff_norm": 11.443611145019531
      },
      "zh": {
        "n_pos": 5,
        "n_neg": 5,
        "mean_diff_norm": 17.81869888305664
      }
    },
    "cos_with_global_md": {
      "ar": 0.46852269768714905,
      "cs": 0.4079262614250183,
      "de": 0.566328763961792,
      "en": 0.9001649618148804,
      "es": 0.5031706094741821,
      "hi": 0.4264514446258545,
      "ja": 0.5395268201828003,
      "ru": 0.5681736469268799,
      "sw": 0.2587864398956299,
      "tib": 0.07549957931041718,
      "zh": 0.5083666443824768
    }
  },
  "per_register": {
    "groups": [
      "bureaucratic",
      "casual",
      "clinical",
      "confessional",
      "dialog",
      "diary",
      "journalistic",
      "letter",
      "poetic",
      "terse"
    ],
    "cosine_matrix": [
      [
        1.0000008344650269,
        0.25565046072006226,
        0.18569833040237427,
        0.11489196121692657,
        0.16429224610328674,
        0.17593619227409363,
        0.48329442739486694,
        0.3148672878742218,
        0.20749355852603912,
        0.19877758622169495
      ],
      [
        0.25565046072006226,
        1.000000238418579,
        0.3272770643234253,
        0.16093188524246216,
        0.28566160798072815,
        0.47997885942459106,
        0.36294519901275635,
        0.2637501358985901,
        0.36204272508621216,
        0.30013924837112427
      ],
      [
        0.18569833040237427,
        0.3272770643234253,
        1.000000238418579,
        0.045361991971731186,
        0.4070635139942169,
        0.31786102056503296,
        0.16991525888442993,
        0.140098437666893,
        0.15252825617790222,
        0.2283775806427002
      ],
      [
        0.11489196121692657,
        0.16093188524246216,
        0.045361991971731186,
        1.000000238418579,
        0.24187996983528137,
        0.24432305991649628,
        0.2687034606933594,
        0.25800085067749023,
        0.26054224371910095,
        0.24164266884326935
      ],
      [
        0.16429224610328674,
        0.28566160798072815,
        0.4070635139942169,
        0.24187996983528137,
        1.000000238418579,
        0.43990325927734375,
        0.27844107151031494,
        0.42096006870269775,
        0.2732938528060913,
        0.29508620500564575
      ],
      [
        0.17593619227409363,
        0.47997885942459106,
        0.31786102056503296,
        0.24432305991649628,
        0.43990325927734375,
        1.0000001192092896,
        0.37965184450149536,
        0.3109660744667053,
        0.4796161353588104,
        0.33234477043151855
      ],
      [
        0.48329442739486694,
        0.36294519901275635,
        0.16991525888442993,
        0.2687034606933594,
        0.27844107151031494,
        0.37965184450149536,
        1.0000004768371582,
        0.444884717464447,
        0.4086710810661316,
        0.26803600788116455
      ],
      [
        0.3148672878742218,
        0.2637501358985901,
        0.140098437666893,
        0.25800085067749023,
        0.42096006870269775,
        0.3109660744667053,
        0.444884717464447,
        0.9999997615814209,
        0.27828043699264526,
        0.27490121126174927
      ],
      [
        0.20749348402023315,
        0.3620426058769226,
        0.15252822637557983,
        0.2605423033237457,
        0.27329370379447937,
        0.47961607575416565,
        0.4086710810661316,
        0.2782805263996124,
        1.0000004768371582,
        0.3253341317176819
      ],
      [
        0.19877754151821136,
        0.3001392185688019,
        0.22837741672992706,
        0.24164268374443054,
        0.295086145401001,
        0.33234474062919617,
        0.26803600788116455,
        0.2749013900756836,
        0.3253341317176819,
        1.000000238418579
      ]
    ],
    "per_group": {
      "bureaucratic": {
        "n_pos": 5,
        "n_neg": 5,
        "mean_diff_norm": 15.726646423339844
      },
      "casual": {
        "n_pos": 15,
        "n_neg": 15,
        "mean_diff_norm": 10.068939208984375
      },
      "clinical": {
        "n_pos": 15,
        "n_neg": 15,
        "mean_diff_norm": 14.8499116897583
      },
      "confessional": {
        "n_pos": 5,
        "n_neg": 5,
        "mean_diff_norm": 12.180672645568848
      },
      "dialog": {
        "n_pos": 5,
        "n_neg": 5,
        "mean_diff_norm": 14.742085456848145
      },
      "diary": {
        "n_pos": 15,
        "n_neg": 15,
        "mean_diff_norm": 9.554937362670898
      },
      "journalistic": {
        "n_pos": 15,
        "n_neg": 15,
        "mean_diff_norm": 9.919319152832031
      },
      "letter": {
        "n_pos": 5,
        "n_neg": 5,
        "mean_diff_norm": 15.244807243347168
      },
      "poetic": {
        "n_pos": 15,
        "n_neg": 15,
        "mean_diff_norm": 9.91403579711914
      },
      "terse": {
        "n_pos": 5,
        "n_neg": 5,
        "mean_diff_norm": 18.25868034362793
      }
    },
    "cos_with_global_md": {
      "bureaucratic": 0.4750567674636841,
      "casual": 0.6815363168716431,
      "clinical": 0.6071920990943909,
      "confessional": 0.3791849911212921,
      "dialog": 0.5999898314476013,
      "diary": 0.7233031988143921,
      "journalistic": 0.6690822243690491,
      "letter": 0.5408356189727783,
      "poetic": 0.6420948505401611,
      "terse": 0.5414257049560547
    }
  },
  "pair_id_order": [
    "pair_ar_casual",
    "pair_ar_clinical",
    "pair_ar_diary",
    "pair_ar_journalistic",
    "pair_ar_poetic",
    "pair_cs_casual",
    "pair_cs_clinical",
    "pair_cs_diary",
    "pair_cs_journalistic",
    "pair_cs_poetic",
    "pair_de_casual",
    "pair_de_clinical",
    "pair_de_diary",
    "pair_de_journalistic",
    "pair_de_poetic",
    "pair_en_bureaucratic_01",
    "pair_en_bureaucratic_02",
    "pair_en_bureaucratic_03",
    "pair_en_bureaucratic_04",
    "pair_en_bureaucratic_05",
    "pair_en_casual_01",
    "pair_en_casual_02",
    "pair_en_casual_03",
    "pair_en_casual_04",
    "pair_en_casual_05",
    "pair_en_clinical_01",
    "pair_en_clinical_02",
    "pair_en_clinical_03",
    "pair_en_clinical_04",
    "pair_en_clinical_05",
    "pair_en_confessional_01",
    "pair_en_confessional_02",
    "pair_en_confessional_03",
    "pair_en_confessional_04",
    "pair_en_confessional_05",
    "pair_en_dialog_01",
    "pair_en_dialog_02",
    "pair_en_dialog_03",
    "pair_en_dialog_04",
    "pair_en_dialog_05",
    "pair_en_diary_01",
    "pair_en_diary_02",
    "pair_en_diary_03",
    "pair_en_diary_04",
    "pair_en_diary_05",
    "pair_en_journalistic_01",
    "pair_en_journalistic_02",
    "pair_en_journalistic_03",
    "pair_en_journalistic_04",
    "pair_en_journalistic_05",
    "pair_en_letter_01",
    "pair_en_letter_02",
    "pair_en_letter_03",
    "pair_en_letter_04",
    "pair_en_letter_05",
    "pair_en_poetic_01",
    "pair_en_poetic_02",
    "pair_en_poetic_03",
    "pair_en_poetic_04",
    "pair_en_poetic_05",
    "pair_en_terse_01",
    "pair_en_terse_02",
    "pair_en_terse_03",
    "pair_en_terse_04",
    "pair_en_terse_05",
    "pair_es_casual",
    "pair_es_clinical",
    "pair_es_diary",
    "pair_es_journalistic",
    "pair_es_poetic",
    "pair_hi_casual",
    "pair_hi_clinical",
    "pair_hi_diary",
    "pair_hi_journalistic",
    "pair_hi_poetic",
    "pair_ja_casual",
    "pair_ja_clinical",
    "pair_ja_diary",
    "pair_ja_journalistic",
    "pair_ja_poetic",
    "pair_ru_casual",
    "pair_ru_clinical",
    "pair_ru_diary",
    "pair_ru_journalistic",
    "pair_ru_poetic",
    "pair_sw_casual",
    "pair_sw_clinical",
    "pair_sw_diary",
    "pair_sw_journalistic",
    "pair_sw_poetic",
    "pair_tib_casual",
    "pair_tib_clinical",
    "pair_tib_diary",
    "pair_tib_journalistic",
    "pair_tib_poetic",
    "pair_zh_casual",
    "pair_zh_clinical",
    "pair_zh_diary",
    "pair_zh_journalistic",
    "pair_zh_poetic"
  ],
  "timestamp": "2026-04-13T19:55:49"
}