{
  "model": "Qwen/Qwen2.5-7B-Instruct",
  "key": "qwen25-7b",
  "layer": 14,
  "n_layers": 28,
  "n_probes": 200,
  "n_pairs": 100,
  "d": 3584,
  "mean_diff_norm": 6.662111759185791,
  "per_pair_contrast_svd_raw": {
    "label": "per_pair_contrast_raw",
    "n_rows": 100,
    "d": 3584,
    "singular_values": [
      71.20503819379964,
      36.071101780122866,
      28.244260972211958,
      26.595187640762074,
      25.200982691597655,
      24.266620492631944,
      23.62653561004523,
      21.43359401508882,
      19.976439275998995,
      18.551651963689793,
      18.376771393089484,
      18.063771121147745,
      17.7094046873899,
      17.116789263984703,
      16.702026644764512,
      16.466077142741007,
      16.16059317690678,
      15.871965950018154,
      15.225119146022571,
      15.08191197590909,
      14.771332032585164,
      14.351189273190409,
      14.097042640209539,
      13.861295536638874,
      13.824774410318977,
      13.58524884836647,
      13.252858176260183,
      12.92163732003729,
      12.869778602421137,
      12.84717001175976,
      12.617704046887775,
      12.314410419409576,
      12.255105279979581,
      12.10383240001953,
      11.955116930898068,
      11.568524728646594,
      11.406809416166118,
      11.389837966796232,
      11.18865936009366,
      11.109245542685521,
      10.960631883404654,
      10.86874929061816,
      10.823729931149199,
      10.612696380163761,
      10.594507181289003,
      10.485545058317566,
      10.222568279061555,
      10.097707803963804,
      10.014020956075694,
      9.841124032193148,
      9.826723478337653,
      9.778910116296139,
      9.597757816790452,
      9.545564134734343,
      9.457680592323012,
      9.3101112184177,
      9.191961402879887,
      9.175386471803822,
      9.06755385369103,
      8.938030667817205,
      8.801793043979389,
      8.75166130590967,
      8.644332185807517,
      8.499809053280726,
      8.4009807973059,
      8.32519127689782,
      8.180388390453793,
      8.142634429873505,
      8.096859143921249,
      8.009807853726487,
      7.950648730061162,
      7.833386633186794,
      7.778803248579465,
      7.753152121188712,
      7.634277177183167,
      7.582142003121497,
      7.5359657904910975,
      7.430397776467168,
      7.3318395454993635,
      7.265797431792241,
      7.2069605602969125,
      7.144427680542036,
      7.09725787227133,
      7.015013163129681,
      6.915606929896573,
      6.835772600970785,
      6.696695277693592,
      6.627766436955986,
      6.4982790058989215,
      6.4168871529278055,
      6.387635022575312,
      6.304161332256455,
      6.152466736379929,
      6.082837883639937,
      5.933305456279211,
      5.779079468522165,
      5.734015076349865,
      5.609732157889828,
      5.409267502835409,
      5.119501925329921
    ],
    "sigma1_over_sigma2": 1.974018942582937,
    "sigma1_over_sigma5": 2.8254865719002438,
    "sigma1_over_sigma10": 3.8382047233942105,
    "participation_ratio": 13.871732959628526,
    "total_variance": 20983.553676056596,
    "cumulative_variance_fraction": [
      0.2416253005784143,
      0.3036321657509536,
      0.3416494763639162,
      0.37535701783027975,
      0.4056230794529532,
      0.4336864322684182,
      0.46028884640428924,
      0.48218213290360373,
      0.5011997946547219,
      0.5176013916337209,
      0.5336952207366156,
      0.5492454860612892,
      0.5641916205065528,
      0.5781541970667841,
      0.5914483081763208,
      0.6043694606491774,
      0.6168156256725733,
      0.6288211852173319,
      0.6398681344895651,
      0.6507082463390953,
      0.6611064969588578,
      0.6709216425121081,
      0.6803922314441746,
      0.6895487126065281,
      0.698657007152189,
      0.7074524185072558,
      0.7158226999453556,
      0.7237798226333539,
      0.731673204461444,
      0.7395388777339075,
      0.7471260794954714,
      0.7543529156319404,
      0.7615103117404344,
      0.7684921014329463,
      0.7753033795909703,
      0.7816812680298583,
      0.7878820909726949,
      0.7940644760401918,
      0.8000303910710217,
      0.8059119180246046,
      0.8116371375531054,
      0.8172667707871131,
      0.8228498636907777,
      0.8282173684612427,
      0.8335664901661358,
      0.838806148656178,
      0.843786282328165,
      0.848645502290062,
      0.8534245124261357,
      0.8580399233194544,
      0.8626418365992768,
      0.8671990762612943,
      0.8715890359664931,
      0.8759313793110476,
      0.8801941330641675,
      0.8843249000561386,
      0.8883514894383006,
      0.8923635704330951,
      0.896281902578303,
      0.9000890933645804,
      0.90378110673777,
      0.9074311832117447,
      0.9109922806355739,
      0.9144352986799708,
      0.9177987174528945,
      0.9211017237437698,
      0.9242908286614477,
      0.9274505649235764,
      0.9305748749908129,
      0.9336323657687846,
      0.9366448590863943,
      0.939569146701938,
      0.9424528231713416,
      0.9453175127631186,
      0.9480950302855468,
      0.9508347415014358,
      0.9535411839502309,
      0.9561723307983231,
      0.9587341404875125,
      0.9612500066336781,
      0.9637252918651279,
      0.9661578086671192,
      0.9685583109882772,
      0.9709035004847082,
      0.9731826958939874,
      0.9754095726077017,
      0.9775467572016275,
      0.9796401722933221,
      0.9816525878588842,
      0.9836149075578775,
      0.9855593771082467,
      0.9874533580190428,
      0.9892572873022629,
      0.991020616683447,
      0.9926983169519997,
      0.9942899329394101,
      0.9958568233433613,
      0.9973565261758311,
      0.9987509599008784,
      0.9999999999999994
    ]
  },
  "per_pair_contrast_svd_unit": {
    "label": "per_pair_contrast_unit",
    "n_rows": 100,
    "d": 3584,
    "singular_values": [
      4.871201028352233,
      2.3296771067141364,
      1.8397196914663458,
      1.7662785005997204,
      1.6968799370325711,
      1.6363782687168018,
      1.4536845245679406,
      1.4307783485599028,
      1.3341506475586065,
      1.3282959624431088,
      1.2870779177044387,
      1.2429008326568534,
      1.2102002165607006,
      1.1732332825987926,
      1.1531981724930007,
      1.1357161104577829,
      1.11343264305369,
      1.097507755179618,
      1.0761193444894623,
      1.0540548471733076,
      1.0381071263449346,
      1.0020955552250481,
      0.9914138745319913,
      0.9784512453504693,
      0.9612765115545736,
      0.953885912199704,
      0.924811884754748,
      0.9019202444580221,
      0.8935863461963396,
      0.8876957629349207,
      0.8763578729577136,
      0.8601130278516234,
      0.8528881721222077,
      0.8486842027237731,
      0.8397068398520127,
      0.8228821733708992,
      0.8184305108767568,
      0.8098944158196637,
      0.8071635222850119,
      0.790701951196607,
      0.783611000258282,
      0.7760904861655833,
      0.7659682391194812,
      0.7581914279968921,
      0.7449977621174698,
      0.7350998091034445,
      0.7311551772785947,
      0.7242966349048817,
      0.7132995640719724,
      0.711183825388771,
      0.7035445172317165,
      0.6951165260518232,
      0.6935085795442784,
      0.69150488315547,
      0.6776062678273524,
      0.6739989126250511,
      0.6676425796931194,
      0.6618609526155799,
      0.6559353560785516,
      0.6488688061185361,
      0.6463635158918969,
      0.6339764139368271,
      0.6303601641203083,
      0.6220410538104513,
      0.6186074683463811,
      0.6138867208259243,
      0.6125666163924216,
      0.6051394109126472,
      0.6031954029666992,
      0.5875635980068524,
      0.5819648252842534,
      0.5763399781311118,
      0.5710305626485135,
      0.5664350331386175,
      0.5608314783500471,
      0.5562832975380151,
      0.5499276217236359,
      0.5451538938375943,
      0.5427951085480448,
      0.538162694285121,
      0.531699599270429,
      0.5280484595668843,
      0.5173021157614148,
      0.5131583915828334,
      0.5092080802224773,
      0.49990555088179883,
      0.4975526001838505,
      0.4903013148816416,
      0.4890968686850016,
      0.48632837163836456,
      0.48026381666055273,
      0.47258074301679515,
      0.4650593047089328,
      0.4584827137950105,
      0.4532160360237984,
      0.44277057401727143,
      0.4388461391262416,
      0.4373268874340145,
      0.4239797606955924,
      0.4093065790342542
    ],
    "sigma1_over_sigma2": 2.0909339815004477,
    "sigma1_over_sigma5": 2.870681019937553,
    "sigma1_over_sigma10": 3.667255766849376,
    "participation_ratio": 14.615988234331132,
    "total_variance": 100.00005000375947,
    "cumulative_variance_fraction": [
      0.23728587593433986,
      0.2915598030108154,
      0.325405471518399,
      0.3566028533353432,
      0.38539685414429686,
      0.4121741791379137,
      0.4333061555408142,
      0.45377741213149436,
      0.4715769827348504,
      0.48922067555076726,
      0.5057863629297248,
      0.5212343800033264,
      0.5358802183214924,
      0.549644974792572,
      0.5629436283931573,
      0.5758421327789537,
      0.5882394490860047,
      0.6002846757897325,
      0.6118649984349802,
      0.6229753090879026,
      0.6337519677568495,
      0.643793917753515,
      0.653622927544786,
      0.6631965911528731,
      0.6724371118489306,
      0.6815360906340298,
      0.6900888565791615,
      0.6982234537851892,
      0.7062084153734935,
      0.7140884491085066,
      0.7217684764831539,
      0.7291664169907063,
      0.7364405956948031,
      0.7436432408527387,
      0.75069431309588,
      0.7574656604224679,
      0.7641639420844151,
      0.770723228452284,
      0.7772383547115514,
      0.7834904473415312,
      0.7896309062683288,
      0.795654067683689,
      0.801521138183331,
      0.8072696777237248,
      0.8128198916040096,
      0.8182236061953884,
      0.8235694824548622,
      0.8288155359849835,
      0.8339034961218649,
      0.8389613179277098,
      0.8439110643299187,
      0.8487429317617068,
      0.8535524708557717,
      0.8583342584989766,
      0.8629257587450431,
      0.8674685018156982,
      0.8719259657289916,
      0.8763065627445004,
      0.8806090725066226,
      0.8848193776768487,
      0.8889972335345251,
      0.8930164924590265,
      0.8969900298372063,
      0.9008593786286426,
      0.904686128714063,
      0.9084546958897018,
      0.912207072608557,
      0.9158690078438488,
      0.9195074529660912,
      0.9229597610568349,
      0.9263465899419744,
      0.9296682659849332,
      0.9329290233892188,
      0.9361375082525233,
      0.939282826150829,
      0.9423773356746555,
      0.9454015380537868,
      0.9483734642473749,
      0.951319728072769,
      0.9542159174797675,
      0.957042960704783,
      0.9598313110670126,
      0.9625073245186175,
      0.9651406385503803,
      0.9677335659434577,
      0.9702326202918609,
      0.9727082049534725,
      0.9751121575451525,
      0.9775043138185591,
      0.9798694654864986,
      0.9821759976690795,
      0.9844093221390363,
      0.9865721226265184,
      0.9886741855638963,
      0.9907282322898868,
      0.9926886891217406,
      0.9946145474969992,
      0.9965270946053809,
      0.9983246820813146,
      0.9999999999999999
    ]
  },
  "bootstrap_stability": {
    "label": "bootstrap_half_sample",
    "n_rows": 200,
    "d": 3584,
    "singular_values": [
      13.285483152821822,
      2.290832240236615,
      1.8987986495297924,
      1.438186236096781,
      1.0973967169750005,
      0.9870486315994613,
      0.9786899426590353,
      0.9075844426881831,
      0.8083592705324182,
      0.7223751197705472,
      0.6414046213146428,
      0.5987676862529414,
      0.5966981905319882,
      0.545451656076115,
      0.5237956050025585,
      0.50240850093526,
      0.4815081021906167,
      0.4585762414948522,
      0.4506142348226776,
      0.4211810433910162,
      0.4192299978357922,
      0.40484780361905554,
      0.399405053553326,
      0.3748822491218569,
      0.36905876829714446,
      0.36370099191266314,
      0.3518514667052505,
      0.3411137789809852,
      0.33860825835839903,
      0.3286116286819649,
      0.32300143585716,
      0.3171353166212589,
      0.3122126484017787,
      0.30536957591531055,
      0.2975900747759902,
      0.2945848285681845,
      0.2916359770735958,
      0.2833802804888256,
      0.2770642652647456,
      0.2717505682628838,
      0.26947030608191813,
      0.2642638681135509,
      0.2615827662821249,
      0.2512168597313767,
      0.24918118725148722,
      0.24628872931906998,
      0.24070413616232436,
      0.23552019458968104,
      0.23314975426567983,
      0.23131099764365098,
      0.22834090722893932,
      0.22165382453746002,
      0.2184483798726076,
      0.21574212903824827,
      0.21254729746406612,
      0.20994657836554564,
      0.2056840238509952,
      0.2031894686155751,
      0.20107796987694046,
      0.19827808791029003,
      0.19738250411609215,
      0.1909209676725737,
      0.18927067019667132,
      0.18816357604064557,
      0.18295856413462974,
      0.18075082588913474,
      0.17783749772151175,
      0.17728002737275816,
      0.17529571846100253,
      0.17297497753070562,
      0.17158210470447025,
      0.16851956241168892,
      0.16614589785767248,
      0.16402504278847424,
      0.16378268716922145,
      0.1596641766166489,
      0.15851334374072387,
      0.15663791814065592,
      0.15447520386380192,
      0.15362846412997738,
      0.15025386113563238,
      0.1482675625213685,
      0.14446899208497413,
      0.14239769747658879,
      0.14155574766347978,
      0.13935674831960335,
      0.13757384454003943,
      0.13620534040468793,
      0.13407604633478698,
      0.1328720103595975,
      0.1308627365946462,
      0.12879283055540963,
      0.12860175668941418,
      0.12551175619369115,
      0.12270848624384655,
      0.12118650562714998,
      0.12070571355186374,
      0.11794151389840137,
      0.11665590480276686,
      0.11634547151747127,
      0.1149248740582812,
      0.11466790745887405,
      0.11210006382962967,
      0.1111478411574652,
      0.11066719053364725,
      0.10901893495930318,
      0.1069064205850814,
      0.10442438301071624,
      0.104312758409177,
      0.10270432232984247,
      0.10113860112008406,
      0.09993335775998506,
      0.09685637356334359,
      0.09652957386896611,
      0.09435441517954025,
      0.09345556532910144,
      0.09153631467977119,
      0.09064317863772833,
      0.0900768540949532,
      0.08820014983150794,
      0.08742386789402906,
      0.08572224003906596,
      0.08477069411975728,
      0.08337996430726892,
      0.08295145538220434,
      0.08138927625722678,
      0.08003591090315959,
      0.07774335373783152,
      0.07707795892530457,
      0.07596185475098452,
      0.07512418108029248,
      0.07463521820960828,
      0.07177141650083052,
      0.07013734989917225,
      0.06954064958848402,
      0.06824608987734272,
      0.0670084294550117,
      0.06561496694610758,
      0.06410924468565347,
      0.06276510709227283,
      0.06126268169384187,
      0.060893916915716,
      0.059920561938102766,
      0.057761909281594914,
      0.055877657471360934,
      0.055069148374554955,
      0.054345677254300354,
      0.05407103228317423,
      0.05204523276066526,
      0.050746111468847284,
      0.04921755622306305,
      0.04864610319384693,
      0.04712479473569327,
      0.046175265514716644,
      0.04511598031622236,
      0.04385402553402541,
      0.04315837919002366,
      0.04299794794340459,
      0.04199595693949355,
      0.04035622056643876,
      0.03948123933352941,
      0.03784551505949647,
      0.03756765458579833,
      0.035775631782929605,
      0.035372052519514474,
      0.03360235844530847,
      0.031410642550785565,
      0.03110413998116857,
      0.030122679483521122,
      0.02891896400492709,
      0.028026656760783593,
      0.027851720471725485,
      0.02683663033084965,
      0.025146963857898524,
      0.024318008986454014,
      0.023194212970843217,
      0.02146552947400202,
      0.020702017165844976,
      0.019043517768347305,
      0.017814129946810527,
      0.016691292272325655,
      0.015597294946509977,
      0.014674452680384321,
      0.014494248657963772,
      0.013517709298608087,
      0.013376166382692095,
      0.01274198312346718,
      0.010815120826704666,
      0.010544058503971993,
      0.009821086569522793,
      0.009110321179810341,
      0.008280448855440667,
      0.007244473189880505,
      0.005791140276123612,
      0.004702391804899585,
      0.004322227930591384,
      0.0034886992013079088,
      0.0020957181388566028,
      0.0013168660858918616,
      2.4129519032237644e-07
    ],
    "sigma1_over_sigma2": 5.799413383255683,
    "sigma1_over_sigma5": 12.106363129501212,
    "sigma1_over_sigma10": 18.39139082896678,
    "participation_ratio": 1.2818714957811799,
    "total_variance": 200.0000075490205,
    "cumulative_variance_fraction": [
      0.882520279708744,
      0.9087598404828666,
      0.9267870213597097,
      0.9371289192178448,
      0.9431503167627041,
      0.9480216415845472,
      0.9528108114230891,
      0.9569293588706822,
      0.9601965822986391,
      0.9628057112684749,
      0.9648627106320521,
      0.9666553242748932,
      0.9684355678606185,
      0.9699231553500501,
      0.9712949644773711,
      0.9725570359387942,
      0.9737162861574142,
      0.9747677469640444,
      0.9757830128688473,
      0.9766699801919284,
      0.9775487491141861,
      0.9783682578037295,
      0.9791658797576428,
      0.9798685632346532,
      0.980549585081233,
      0.9812109771138601,
      0.9818299743636091,
      0.9824117673927026,
      0.9829850451342067,
      0.9835249731263521,
      0.9840466227444914,
      0.9845494967707527,
      0.9850368804414666,
      0.9855031333133414,
      0.9859459325596538,
      0.9863798336493889,
      0.9868050913489559,
      0.9872066132506501,
      0.9875904362715962,
      0.9879596781144151,
      0.9883227493300103,
      0.9886719262767822,
      0.9890140539819475,
      0.9893296035231036,
      0.9896400598317857,
      0.989943350511286,
      0.9902330429061798,
      0.9905103917060091,
      0.990782185735321,
      0.9910497096133778,
      0.9913104074531085,
      0.9915560595334967,
      0.9917946579978355,
      0.9920273813202611,
      0.9922532630800316,
      0.99247365090055,
      0.9926851804809035,
      0.9928916102738932,
      0.9930937720161116,
      0.9932903430094188,
      0.9934851422667217,
      0.9936673963393277,
      0.9938465132655504,
      0.9940235409156104,
      0.9941909100902442,
      0.9943542643893764,
      0.9945123952613869,
      0.9946695362959821,
      0.9948231792347367,
      0.9949727809433486,
      0.9951199830310665,
      0.9952619772402842,
      0.9953999995319492,
      0.9955345206001804,
      0.9956686444381998,
      0.995796107679862,
      0.9959217400758393,
      0.996044417258206,
      0.9961637301967463,
      0.9962817387172467,
      0.9963946198269169,
      0.9965045361732482,
      0.9966088926176796,
      0.9967102781350861,
      0.9968104682797871,
      0.9969075697926331,
      0.9970022026025688,
      0.9970949620728413,
      0.9971848440004525,
      0.9972731188528056,
      0.9973587441287188,
      0.9974416820916008,
      0.9975243741475975,
      0.9976031401493386,
      0.9976784270094782,
      0.9977518578524371,
      0.9978247071961077,
      0.9978942581969857,
      0.9979623011950444,
      0.9980299825362028,
      0.9980960211670967,
      0.9981617648096202,
      0.9982245969288016,
      0.99828636613944,
      0.9983476022724317,
      0.998407027911087,
      0.9984641728227417,
      0.9985186950795195,
      0.9985731008353007,
      0.9986258417224361,
      0.9986769868036882,
      0.9987269201817695,
      0.9987738259654982,
      0.9988204157568963,
      0.9988649295335356,
      0.9989085992453421,
      0.9989504937282866,
      0.9989915746559038,
      0.9990321438525908,
      0.9990710401832741,
      0.9991092548452195,
      0.9991459963560193,
      0.9991819267075709,
      0.9992166877984981,
      0.9992510925169497,
      0.9992842135871479,
      0.9993162423211095,
      0.9993464624652209,
      0.9993761675228602,
      0.9994050185386572,
      0.999433236750507,
      0.9994610888284416,
      0.9994868445086023,
      0.9995114407469283,
      0.9995356202557417,
      0.9995589078987804,
      0.9995813585460233,
      0.9996028851646473,
      0.9996234351401426,
      0.9996431324327406,
      0.9996618980128739,
      0.9996804383577609,
      0.9996983907257981,
      0.9997150729159877,
      0.9997306844784208,
      0.999745847533362,
      0.9997606147959858,
      0.9997752331780948,
      0.9997887767088492,
      0.9998016525475092,
      0.999813764386255,
      0.9998255966025881,
      0.9998367003335634,
      0.9998473611088877,
      0.999857538366903,
      0.9998671542443177,
      0.9998764674724377,
      0.9998857115897256,
      0.999894529891389,
      0.9999026730137737,
      0.9999104668547761,
      0.9999176282695564,
      0.9999246849126455,
      0.9999310843915513,
      0.9999373403018125,
      0.9999429858940647,
      0.9999479190362058,
      0.999952756373643,
      0.9999572932525681,
      0.9999614747848059,
      0.9999654022521036,
      0.9999692808436235,
      0.9999728818671251,
      0.999976043715962,
      0.9999790005436558,
      0.999981690401131,
      0.9999839942458221,
      0.9999861371133149,
      0.9999879503910915,
      0.9999895371071604,
      0.9999909301032964,
      0.9999921464812987,
      0.9999932231790655,
      0.9999942735952466,
      0.9999951872375356,
      0.9999960818466372,
      0.9999968936372762,
      0.9999974784714466,
      0.9999980343572743,
      0.9999985166259632,
      0.9999989316157075,
      0.9999992744448608,
      0.99999953685681,
      0.9999997045433322,
      0.9999998151057714,
      0.9999999085140394,
      0.9999999693691477,
      0.9999999913293195,
      1.0000000000000007,
      1.0000000000000009
    ],
    "mean_pairwise_cosine": 0.8813534379005432,
    "median_pairwise_cosine": 0.8917199969291687
  },
  "per_language": {
    "groups": [
      "ar",
      "cs",
      "de",
      "en",
      "es",
      "hi",
      "ja",
      "ru",
      "sw",
      "tib",
      "zh"
    ],
    "cosine_matrix": [
      [
        1.0000003576278687,
        0.6021472215652466,
        0.49360620975494385,
        0.6299301385879517,
        0.540139377117157,
        0.59331214427948,
        0.4933099150657654,
        0.532604992389679,
        -0.06760804355144501,
        0.11270071566104889,
        0.5298305749893188
      ],
      [
        0.6021472215652466,
        1.0000001192092896,
        0.46882539987564087,
        0.6986527442932129,
        0.6251398324966431,
        0.5748735070228577,
        0.5689076781272888,
        0.6556875705718994,
        -0.02356730028986931,
        0.00485074520111084,
        0.5984936356544495
      ],
      [
        0.49360620975494385,
        0.46882539987564087,
        0.9999998807907104,
        0.6224234104156494,
        0.6676501631736755,
        0.5316375494003296,
        0.6188530921936035,
        0.596393883228302,
        -0.009607382118701935,
        0.08098191022872925,
        0.46170443296432495
      ],
      [
        0.6299301385879517,
        0.6986527442932129,
        0.6224234104156494,
        1.0000001192092896,
        0.6657670736312866,
        0.637214183807373,
        0.6112502813339233,
        0.7107884883880615,
        -0.016806140542030334,
        0.06565837562084198,
        0.6870721578598022
      ],
      [
        0.540139377117157,
        0.6251398324966431,
        0.6676501631736755,
        0.6657670736312866,
        1.0,
        0.5527563095092773,
        0.5395510196685791,
        0.6313722729682922,
        -0.027880564332008362,
        0.02671821601688862,
        0.5045377016067505
      ],
      [
        0.59331214427948,
        0.5748735070228577,
        0.5316375494003296,
        0.637214183807373,
        0.5527563095092773,
        1.0000003576278687,
        0.571313738822937,
        0.4937252998352051,
        0.06477843225002289,
        0.0339263491332531,
        0.5648252964019775
      ],
      [
        0.4933099150657654,
        0.5689076781272888,
        0.6188530921936035,
        0.6112502813339233,
        0.5395510196685791,
        0.571313738822937,
        0.9999997019767761,
        0.5650154948234558,
        0.06569574028253555,
        0.006992615759372711,
        0.546392560005188
      ],
      [
        0.532604992389679,
        0.6556875705718994,
        0.596393883228302,
        0.7107884883880615,
        0.6313722729682922,
        0.4937252998352051,
        0.5650154948234558,
        1.0000005960464478,
        0.05654241889715195,
        0.017029576003551483,
        0.4875286817550659
      ],
      [
        -0.0676080584526062,
        -0.023567309603095055,
        -0.00960739329457283,
        -0.016806142404675484,
        -0.02788057178258896,
        0.0647783875465393,
        0.06569573283195496,
        0.05654243379831314,
        0.9999997615814209,
        0.046675458550453186,
        -0.05331958830356598
      ],
      [
        0.11270074546337128,
        0.004850741475820541,
        0.08098192512989044,
        0.06565836817026138,
        0.02671823278069496,
        0.033926334232091904,
        0.00699260551482439,
        0.01702955551445484,
        0.046675458550453186,
        1.0,
        0.02144620008766651
      ],
      [
        0.5298304557800293,
        0.5984938144683838,
        0.4617043137550354,
        0.687072217464447,
        0.50453782081604,
        0.5648252964019775,
        0.5463926792144775,
        0.4875287711620331,
        -0.05331958830356598,
        0.02144620008766651,
        1.0
      ]
    ],
    "per_group": {
      "ar": {
        "n_pos": 5,
        "n_neg": 5,
        "mean_diff_norm": 9.777582168579102
      },
      "cs": {
        "n_pos": 5,
        "n_neg": 5,
        "mean_diff_norm": 9.736556053161621
      },
      "de": {
        "n_pos": 5,
        "n_neg": 5,
        "mean_diff_norm": 10.918730735778809
      },
      "en": {
        "n_pos": 50,
        "n_neg": 50,
        "mean_diff_norm": 7.947508811950684
      },
      "es": {
        "n_pos": 5,
        "n_neg": 5,
        "mean_diff_norm": 9.85425853729248
      },
      "hi": {
        "n_pos": 5,
        "n_neg": 5,
        "mean_diff_norm": 8.640307426452637
      },
      "ja": {
        "n_pos": 5,
        "n_neg": 5,
        "mean_diff_norm": 8.988519668579102
      },
      "ru": {
        "n_pos": 5,
        "n_neg": 5,
        "mean_diff_norm": 8.663475036621094
      },
      "sw": {
        "n_pos": 5,
        "n_neg": 5,
        "mean_diff_norm": 5.564163684844971
      },
      "tib": {
        "n_pos": 5,
        "n_neg": 5,
        "mean_diff_norm": 5.42273473739624
      },
      "zh": {
        "n_pos": 5,
        "n_neg": 5,
        "mean_diff_norm": 8.513284683227539
      }
    },
    "cos_with_global_md": {
      "ar": 0.715514063835144,
      "cs": 0.7743821740150452,
      "de": 0.7204571962356567,
      "en": 0.9686351418495178,
      "es": 0.75655198097229,
      "hi": 0.7257367372512817,
      "ja": 0.7121661901473999,
      "ru": 0.7758858799934387,
      "sw": 0.033004507422447205,
      "tib": 0.10419690608978271,
      "zh": 0.7353076934814453
    }
  },
  "per_register": {
    "groups": [
      "bureaucratic",
      "casual",
      "clinical",
      "confessional",
      "dialog",
      "diary",
      "journalistic",
      "letter",
      "poetic",
      "terse"
    ],
    "cosine_matrix": [
      [
        1.0,
        0.6629202365875244,
        0.5036572217941284,
        0.6791070699691772,
        0.6044352054595947,
        0.6299121975898743,
        0.6945561170578003,
        0.6487585306167603,
        0.5762813091278076,
        0.4377245008945465
      ],
      [
        0.6629202365875244,
        0.9999998211860657,
        0.6821044087409973,
        0.6871576905250549,
        0.6261414885520935,
        0.7827830910682678,
        0.8023039698600769,
        0.6923397779464722,
        0.7467454075813293,
        0.47839075326919556
      ],
      [
        0.5036572217941284,
        0.6821044087409973,
        1.000000238418579,
        0.5858479142189026,
        0.6351540088653564,
        0.7267881035804749,
        0.7171725034713745,
        0.6194335222244263,
        0.7084225416183472,
        0.37313705682754517
      ],
      [
        0.6791070699691772,
        0.6871576905250549,
        0.5858479142189026,
        0.9999998211860657,
        0.6458938717842102,
        0.6997843980789185,
        0.696692705154419,
        0.6843528747558594,
        0.7463951110839844,
        0.4409104585647583
      ],
      [
        0.6044352054595947,
        0.6261414885520935,
        0.6351540088653564,
        0.6458938717842102,
        0.9999999403953552,
        0.7384641766548157,
        0.7077591419219971,
        0.7398316860198975,
        0.6778749823570251,
        0.4361165165901184
      ],
      [
        0.6299121975898743,
        0.7827830910682678,
        0.7267881035804749,
        0.6997843980789185,
        0.7384641766548157,
        1.000000238418579,
        0.84577476978302,
        0.7413377165794373,
        0.8065763711929321,
        0.4921441078186035
      ],
      [
        0.6945561170578003,
        0.8023039698600769,
        0.7171725034713745,
        0.696692705154419,
        0.7077591419219971,
        0.84577476978302,
        0.9999999403953552,
        0.746863067150116,
        0.7824454307556152,
        0.5190588235855103
      ],
      [
        0.6487585306167603,
        0.6923397779464722,
        0.6194335222244263,
        0.6843528747558594,
        0.7398316860198975,
        0.7413377165794373,
        0.746863067150116,
        1.0000001192092896,
        0.7299679517745972,
        0.5340052247047424
      ],
      [
        0.5762810707092285,
        0.7467454671859741,
        0.7084223031997681,
        0.7463951110839844,
        0.6778751611709595,
        0.806576132774353,
        0.7824453115463257,
        0.7299680709838867,
        1.0000001192092896,
        0.4788166880607605
      ],
      [
        0.4377244710922241,
        0.47839075326919556,
        0.3731370270252228,
        0.4409104287624359,
        0.43611663579940796,
        0.4921441078186035,
        0.5190588235855103,
        0.5340052843093872,
        0.4788166880607605,
        1.0
      ]
    ],
    "per_group": {
      "bureaucratic": {
        "n_pos": 5,
        "n_neg": 5,
        "mean_diff_norm": 9.47033405303955
      },
      "casual": {
        "n_pos": 15,
        "n_neg": 15,
        "mean_diff_norm": 7.508460521697998
      },
      "clinical": {
        "n_pos": 15,
        "n_neg": 15,
        "mean_diff_norm": 6.97960901260376
      },
      "confessional": {
        "n_pos": 5,
        "n_neg": 5,
        "mean_diff_norm": 10.024469375610352
      },
      "dialog": {
        "n_pos": 5,
        "n_neg": 5,
        "mean_diff_norm": 9.134477615356445
      },
      "diary": {
        "n_pos": 15,
        "n_neg": 15,
        "mean_diff_norm": 7.40471887588501
      },
      "journalistic": {
        "n_pos": 15,
        "n_neg": 15,
        "mean_diff_norm": 7.08650016784668
      },
      "letter": {
        "n_pos": 5,
        "n_neg": 5,
        "mean_diff_norm": 9.711186408996582
      },
      "poetic": {
        "n_pos": 15,
        "n_neg": 15,
        "mean_diff_norm": 6.800449848175049
      },
      "terse": {
        "n_pos": 5,
        "n_neg": 5,
        "mean_diff_norm": 12.216046333312988
      }
    },
    "cos_with_global_md": {
      "bureaucratic": 0.7463176250457764,
      "casual": 0.885164737701416,
      "clinical": 0.8193053007125854,
      "confessional": 0.8084311485290527,
      "dialog": 0.7995187044143677,
      "diary": 0.9189126491546631,
      "journalistic": 0.921029269695282,
      "letter": 0.8390786647796631,
      "poetic": 0.8906885385513306,
      "terse": 0.6024804711341858
    }
  },
  "pair_id_order": [
    "pair_ar_casual",
    "pair_ar_clinical",
    "pair_ar_diary",
    "pair_ar_journalistic",
    "pair_ar_poetic",
    "pair_cs_casual",
    "pair_cs_clinical",
    "pair_cs_diary",
    "pair_cs_journalistic",
    "pair_cs_poetic",
    "pair_de_casual",
    "pair_de_clinical",
    "pair_de_diary",
    "pair_de_journalistic",
    "pair_de_poetic",
    "pair_en_bureaucratic_01",
    "pair_en_bureaucratic_02",
    "pair_en_bureaucratic_03",
    "pair_en_bureaucratic_04",
    "pair_en_bureaucratic_05",
    "pair_en_casual_01",
    "pair_en_casual_02",
    "pair_en_casual_03",
    "pair_en_casual_04",
    "pair_en_casual_05",
    "pair_en_clinical_01",
    "pair_en_clinical_02",
    "pair_en_clinical_03",
    "pair_en_clinical_04",
    "pair_en_clinical_05",
    "pair_en_confessional_01",
    "pair_en_confessional_02",
    "pair_en_confessional_03",
    "pair_en_confessional_04",
    "pair_en_confessional_05",
    "pair_en_dialog_01",
    "pair_en_dialog_02",
    "pair_en_dialog_03",
    "pair_en_dialog_04",
    "pair_en_dialog_05",
    "pair_en_diary_01",
    "pair_en_diary_02",
    "pair_en_diary_03",
    "pair_en_diary_04",
    "pair_en_diary_05",
    "pair_en_journalistic_01",
    "pair_en_journalistic_02",
    "pair_en_journalistic_03",
    "pair_en_journalistic_04",
    "pair_en_journalistic_05",
    "pair_en_letter_01",
    "pair_en_letter_02",
    "pair_en_letter_03",
    "pair_en_letter_04",
    "pair_en_letter_05",
    "pair_en_poetic_01",
    "pair_en_poetic_02",
    "pair_en_poetic_03",
    "pair_en_poetic_04",
    "pair_en_poetic_05",
    "pair_en_terse_01",
    "pair_en_terse_02",
    "pair_en_terse_03",
    "pair_en_terse_04",
    "pair_en_terse_05",
    "pair_es_casual",
    "pair_es_clinical",
    "pair_es_diary",
    "pair_es_journalistic",
    "pair_es_poetic",
    "pair_hi_casual",
    "pair_hi_clinical",
    "pair_hi_diary",
    "pair_hi_journalistic",
    "pair_hi_poetic",
    "pair_ja_casual",
    "pair_ja_clinical",
    "pair_ja_diary",
    "pair_ja_journalistic",
    "pair_ja_poetic",
    "pair_ru_casual",
    "pair_ru_clinical",
    "pair_ru_diary",
    "pair_ru_journalistic",
    "pair_ru_poetic",
    "pair_sw_casual",
    "pair_sw_clinical",
    "pair_sw_diary",
    "pair_sw_journalistic",
    "pair_sw_poetic",
    "pair_tib_casual",
    "pair_tib_clinical",
    "pair_tib_diary",
    "pair_tib_journalistic",
    "pair_tib_poetic",
    "pair_zh_casual",
    "pair_zh_clinical",
    "pair_zh_diary",
    "pair_zh_journalistic",
    "pair_zh_poetic"
  ],
  "timestamp": "2026-04-13T19:45:23"
}