{
  "model": "01-ai/Yi-1.5-34B-Chat",
  "key": "yi1.5-34b",
  "layer": 30,
  "n_layers": 60,
  "n_probes": 200,
  "n_pairs": 100,
  "d": 7168,
  "mean_diff_norm": 6.5217719078063965,
  "per_pair_contrast_svd_raw": {
    "label": "per_pair_contrast_raw",
    "n_rows": 100,
    "d": 7168,
    "singular_values": [
      85.83441158982214,
      69.88754065753558,
      55.59181593626924,
      54.90651408886766,
      51.30927426637479,
      49.20687855186657,
      47.824006151661436,
      47.127126936470276,
      45.88666919861244,
      43.5617873472568,
      43.23222832315714,
      42.34330871927457,
      41.87337230949766,
      41.08428343294851,
      40.372307400698475,
      40.02564465643265,
      39.0328021972203,
      38.92726739104902,
      38.33062031666548,
      37.51981262766099,
      37.077355604862625,
      36.55831141910979,
      35.95008410551047,
      35.70832402838647,
      35.67341999589641,
      35.29629073748449,
      34.8673021648028,
      34.403122161659574,
      34.290870476690436,
      33.84245892929304,
      33.57295145461433,
      33.41664429867388,
      33.17436733782458,
      32.806080362204774,
      32.41492950464031,
      32.08932760122965,
      32.000461688576635,
      31.715405108425497,
      31.440445666187234,
      31.219097897750487,
      31.102162219124317,
      31.00275326637626,
      30.740021045348275,
      30.688053194823073,
      30.552277971707763,
      30.058540404511792,
      29.855471340458987,
      29.77476696864779,
      29.452098365273105,
      29.27256842186293,
      29.13121143727293,
      28.900271193480336,
      28.708942909656635,
      28.605093703486258,
      28.52693716768645,
      28.086862752036993,
      27.87950475201022,
      27.806463444123594,
      27.593017438139018,
      27.420297820981222,
      27.131230081266835,
      26.994454524361355,
      26.71478024648175,
      26.528166511642347,
      26.4684083107197,
      26.37795634548821,
      26.176694558460802,
      25.85277429219232,
      25.620656473599972,
      25.488201325652987,
      25.271262735299647,
      25.208613527874967,
      24.960355209065582,
      24.60610430995121,
      24.51469263872518,
      24.36239499163637,
      24.261576024264144,
      24.067094585724533,
      23.99956792280774,
      23.66615726106506,
      23.353431960343368,
      23.259665318592074,
      22.91708974414627,
      22.60551457555966,
      22.390315241789303,
      22.044685993101034,
      21.977298191275036,
      21.779294607587474,
      21.459976958284816,
      21.148983121421008,
      20.90091091719415,
      20.53089280290358,
      20.03014021643147,
      19.69531731091189,
      18.39115782814242,
      17.860972747794833,
      17.080945613476963,
      15.924878687388656,
      14.74896463007126,
      13.04279684951029
    ],
    "sigma1_over_sigma2": 1.228179025649647,
    "sigma1_over_sigma5": 1.672882979092791,
    "sigma1_over_sigma10": 1.9704061016960859,
    "participation_ratio": 57.63866070625283,
    "total_variance": 109484.17641515135,
    "cumulative_variance_fraction": [
      0.06729325144698636,
      0.11190488848061675,
      0.1401322552132614,
      0.16766797213695211,
      0.19171383622382618,
      0.21382951518401483,
      0.23471961674281538,
      0.25500534355747884,
      0.2742372223465995,
      0.2915696751176011,
      0.3086408686634014,
      0.32501726068645603,
      0.3410321713884482,
      0.35644917867175147,
      0.37133647342269355,
      0.38596920193761813,
      0.39988499961042673,
      0.413725649429888,
      0.42714527317797363,
      0.44000317087340696,
      0.4525595999726827,
      0.4647669360241384,
      0.4765714596503893,
      0.4882177490655945,
      0.49984128166977737,
      0.5112203519666666,
      0.5223245023567811,
      0.53313496696659,
      0.5438750011573795,
      0.5543359834096275,
      0.5646310151327497,
      0.5748304078920267,
      0.5848824417502511,
      0.5947125281058397,
      0.6043096013012078,
      0.6137148412145487,
      0.6230680608469371,
      0.6322553877660109,
      0.6412841045729052,
      0.6501861405151006,
      0.659021613606999,
      0.6678006969555474,
      0.6764316144525684,
      0.685033374448618,
      0.6935591881307797,
      0.7018116669896756,
      0.7099530185360494,
      0.7180504146810014,
      0.7259732591186171,
      0.73379980803253,
      0.7415509507783566,
      0.7491796849242813,
      0.7567077445030888,
      0.7641814399043539,
      0.7716143509497214,
      0.7788197013947068,
      0.7859190541109391,
      0.7929812564728357,
      0.7999354542050667,
      0.806802864247412,
      0.8135262435504761,
      0.820182005131078,
      0.8267005679680639,
      0.8331283791962446,
      0.8395272640528696,
      0.845882489106818,
      0.8521411043738195,
      0.8582457850727788,
      0.8642413367555093,
      0.8701750563859483,
      0.8760081981343495,
      0.881812454208653,
      0.8875029507951214,
      0.8930330683804826,
      0.8985221735173962,
      0.903943288322863,
      0.9093196275387617,
      0.9146101184641522,
      0.9198709632669428,
      0.9249866522901828,
      0.9299680368352733,
      0.9349095000534964,
      0.9397064763795527,
      0.9443739023579713,
      0.948952885669,
      0.9533915926716604,
      0.9578032040259509,
      0.9621356810023997,
      0.9663420478595045,
      0.9704273823956489,
      0.97441743914606,
      0.9782674709322605,
      0.9819319869402047,
      0.9854750151354994,
      0.9885643628141731,
      0.9914781569161428,
      0.9941430050485728,
      0.9964593375955375,
      0.998446217935526,
      1.0000000000000002
    ]
  },
  "per_pair_contrast_svd_unit": {
    "label": "per_pair_contrast_unit",
    "n_rows": 100,
    "d": 7168,
    "singular_values": [
      2.2734025488054828,
      2.054086525286325,
      1.5822728600392006,
      1.5248704104102513,
      1.4883208358404867,
      1.4398739430498344,
      1.3993999183439103,
      1.3905542662816484,
      1.381723083982838,
      1.3439471052838934,
      1.3112164170641725,
      1.2406037102938883,
      1.2343238405099346,
      1.2280547159056423,
      1.2016432313307954,
      1.1789056103935367,
      1.1637670174486172,
      1.1552371220237325,
      1.1355507271109202,
      1.1317461477447264,
      1.1235032636112703,
      1.1075827255474648,
      1.0884326461659792,
      1.0848193038888727,
      1.0752183662258445,
      1.0655449415993319,
      1.0457092248223179,
      1.0411327846675626,
      1.0245236674345555,
      1.0230148603741878,
      1.0190161434886837,
      1.0139923287194859,
      1.0032762144417235,
      0.9980318807108989,
      0.9880293634041749,
      0.9791482315053912,
      0.9723397615046092,
      0.9659603692996929,
      0.9625112010206516,
      0.9498945129187517,
      0.9405604683853649,
      0.9388507397048661,
      0.9288604891892835,
      0.9233542417335859,
      0.9224817702760001,
      0.9144882258527794,
      0.9090595666589408,
      0.9021881938002733,
      0.8976104909854066,
      0.8970145243108814,
      0.8900715531782232,
      0.885406633027497,
      0.880705123242406,
      0.8753985523610092,
      0.872643337867356,
      0.8643418537541045,
      0.8585465117696367,
      0.8527814517293616,
      0.8518367414394019,
      0.8440914633070862,
      0.8401253750109168,
      0.8299798496729603,
      0.8268450534691286,
      0.8222177916047702,
      0.8161933098109891,
      0.8144842920398548,
      0.8098145201865065,
      0.8059136034661563,
      0.8052602432618322,
      0.7951857861033426,
      0.791730499497057,
      0.7864944262357773,
      0.7828073936502591,
      0.776384513138004,
      0.77347065761048,
      0.7708016884838984,
      0.763825858604554,
      0.7615131201606287,
      0.7562900553766169,
      0.7544948638015448,
      0.7514532843071701,
      0.7476047163670531,
      0.7408948800641082,
      0.7388805956934512,
      0.7342652078274665,
      0.7257211872404935,
      0.7239549956509186,
      0.7160591337510963,
      0.7100975058804841,
      0.7056145334798315,
      0.7023066652153153,
      0.6967006350924757,
      0.6903845536357076,
      0.6873426977138318,
      0.6798106217407208,
      0.6643118498958578,
      0.6585423922100859,
      0.6535907790518773,
      0.6344336214196432,
      0.6194053291630969
    ],
    "sigma1_over_sigma2": 1.1067705867398097,
    "sigma1_over_sigma5": 1.5274949419905444,
    "sigma1_over_sigma10": 1.691586327964338,
    "participation_ratio": 67.1618647137853,
    "total_variance": 100.0001949094459,
    "cumulative_variance_fraction": [
      0.05168349075314721,
      0.09387612304934986,
      0.11891194828832793,
      0.14216420065293897,
      0.16431514658262225,
      0.18504747589209286,
      0.20463063903726753,
      0.22396701302358907,
      0.243058562620466,
      0.2611204656341205,
      0.27831331704741513,
      0.29370426270895783,
      0.3089397864459949,
      0.32402094090398115,
      0.3384603773141868,
      0.35235853460753896,
      0.36590204491897055,
      0.3792477469879534,
      0.3921424763933291,
      0.40495094485776445,
      0.4175735160886326,
      0.42984088711767915,
      0.441687720279481,
      0.45345602656283984,
      0.46501694938020294,
      0.4763707874761792,
      0.48730584399150606,
      0.4981453976172885,
      0.5086418646100184,
      0.5191074382570909,
      0.5294913570247579,
      0.5397731414116086,
      0.5498387534174252,
      0.5597994103523173,
      0.5695614115547435,
      0.5791487054608033,
      0.5886031331512591,
      0.597933909315271,
      0.6071981693792552,
      0.6162211476493499,
      0.6250676703535344,
      0.6338820602878996,
      0.6425098615552695,
      0.6510356754949268,
      0.6595453850736145,
      0.6679082559258229,
      0.6761721327760878,
      0.6843115522819163,
      0.692368582513274,
      0.7004149173984541,
      0.7083371756549953,
      0.7161766094332893,
      0.7239330094563872,
      0.731596220774822,
      0.7392112698836149,
      0.7466821237237259,
      0.7540531304856555,
      0.761325478355299,
      0.7685817225528546,
      0.7757066126500498,
      0.7827647053505328,
      0.7896533574325306,
      0.7964900715315927,
      0.8032504793232336,
      0.8099121815287489,
      0.8165460152185771,
      0.8231039980074981,
      0.829598952710736,
      0.8360833806657545,
      0.8424065726854638,
      0.8486749323061774,
      0.8548606550746188,
      0.8609885172863717,
      0.8670162346601865,
      0.8729987915814619,
      0.8789401324309236,
      0.8847744204820749,
      0.8905734315010224,
      0.8962931668313336,
      0.9019857807309206,
      0.907632590109716,
      0.9132217073353412,
      0.918710948869343,
      0.9241703835753122,
      0.9295618270211389,
      0.9348285291719364,
      0.9400696273138203,
      0.9451970241503231,
      0.9502393990008352,
      0.9552183079950509,
      0.9601506449015189,
      0.9650045531901758,
      0.9697708522191966,
      0.9744952428519182,
      0.9791166586586573,
      0.9835297523962414,
      0.9878665247668401,
      0.9921383255053134,
      0.9961633778599825,
      1.0000000000000002
    ]
  },
  "bootstrap_stability": {
    "label": "bootstrap_half_sample",
    "n_rows": 200,
    "d": 7168,
    "singular_values": [
      11.340478933111612,
      3.2405777705728736,
      2.4710424877745045,
      2.2311773118156584,
      1.8112976272619283,
      1.6260069626733331,
      1.505002050265879,
      1.4420701466227266,
      1.3622642773552356,
      1.3401590872079048,
      1.2312779200151214,
      1.172277591190451,
      1.1566927110610281,
      1.0339611595622538,
      1.0024958796936914,
      0.974684943763947,
      0.9593052398601087,
      0.9152826262797963,
      0.8944391178985021,
      0.8569930229009703,
      0.8495260689150264,
      0.8354972160770396,
      0.8087937072971165,
      0.8004646634014668,
      0.785580933989449,
      0.7814992872348241,
      0.7666166728325062,
      0.758538808626182,
      0.72375875608296,
      0.7060520880636726,
      0.7043543573925527,
      0.6848793465083054,
      0.670942039814226,
      0.6619973084764635,
      0.6520239573653615,
      0.636584340946989,
      0.6278377463003942,
      0.6218309421512241,
      0.6177834587822502,
      0.6127760973333279,
      0.6100829223855758,
      0.6014907197271583,
      0.5932430966999331,
      0.5925375310415127,
      0.5855846507637238,
      0.5787308074068065,
      0.5661719965748009,
      0.5597881912658645,
      0.5514780224885327,
      0.5447544482987581,
      0.5342847388049947,
      0.5310376622940771,
      0.5228764498523246,
      0.5194211232113529,
      0.5159274707670486,
      0.5094966919820505,
      0.4987153359359815,
      0.49007515169455546,
      0.4889306042525605,
      0.48707778564024906,
      0.4815617017507801,
      0.47360909215157954,
      0.46888127979870015,
      0.4659792869044092,
      0.46240014728053763,
      0.4541124000257177,
      0.4483417173343935,
      0.4416727002289894,
      0.4358888316579689,
      0.43376020590112546,
      0.43141714451136176,
      0.42132967647877384,
      0.42023888943937565,
      0.4161455727286577,
      0.41216932190962335,
      0.41020662835045035,
      0.40714996727332825,
      0.4038516208047945,
      0.3997245492748518,
      0.3961302162333639,
      0.39416371378753284,
      0.3812591375455538,
      0.3787988057685963,
      0.3709505310225257,
      0.3696376408659565,
      0.3655158405429329,
      0.36011902414872043,
      0.35763492685540776,
      0.35033792692253757,
      0.34844998938845173,
      0.3446041810238149,
      0.3376056110331399,
      0.33565528558434454,
      0.333304272254263,
      0.32683279658273073,
      0.3241677346046623,
      0.31484498017249496,
      0.31340694410459174,
      0.3103997209483392,
      0.3069719038089225,
      0.30544818155461556,
      0.299816793082554,
      0.29847594920939435,
      0.29612129662683423,
      0.29525492659680075,
      0.2903814513837622,
      0.2865938729525086,
      0.27654745520151797,
      0.27210656350844253,
      0.26971830022128335,
      0.26631862995726996,
      0.26483286108293436,
      0.261943588985083,
      0.2565000510472355,
      0.25616274845167614,
      0.25407360662867084,
      0.24489983586953273,
      0.2420855824010389,
      0.2412858908758987,
      0.23881937041264897,
      0.23602996546411834,
      0.23395392704881843,
      0.22982583007568516,
      0.22433853499403666,
      0.22047585856429752,
      0.21600485121616322,
      0.21329317554996993,
      0.20769018435232386,
      0.2056448713092867,
      0.20240407756859866,
      0.2008336718012608,
      0.19839324078539197,
      0.19261460854503284,
      0.18816458177355933,
      0.18678040836936247,
      0.1864356858505575,
      0.18306418142776382,
      0.17741540447234483,
      0.17359179786168163,
      0.1695248473528036,
      0.16590790141283449,
      0.1649415616602355,
      0.16324628982110434,
      0.1580264885995865,
      0.1548369820355711,
      0.15281789186984104,
      0.1465974068333486,
      0.14601052384362329,
      0.1426535072366395,
      0.13961834800389236,
      0.13763097475323954,
      0.13606167256074891,
      0.13248789536853306,
      0.1279859036875594,
      0.12448310278514105,
      0.1214925292970063,
      0.11780177474361107,
      0.11762843179900857,
      0.11469383632690154,
      0.11412414494329089,
      0.11033559600069275,
      0.10486321529806171,
      0.10453412026353888,
      0.09806328299365205,
      0.09539158477875424,
      0.0922753849130187,
      0.08934107652195275,
      0.08667639030394879,
      0.08394488499135075,
      0.07916290499657931,
      0.07880347181830319,
      0.07781713495268233,
      0.07595590810151233,
      0.0724662674045227,
      0.06952256668543463,
      0.06698620809783386,
      0.06110448610847263,
      0.05783599660013075,
      0.055228151142399595,
      0.05009686072256501,
      0.04637886571143924,
      0.044191673600866545,
      0.04234514448709734,
      0.03909793796980497,
      0.03827735995975064,
      0.03625093322368677,
      0.032342934331732597,
      0.031485616556386674,
      0.02948804623531383,
      0.02835642011845857,
      0.024774089915086134,
      0.02364237115410557,
      0.019904334928146306,
      0.01676246077023,
      0.012734745593415971,
      0.011458956778652604,
      0.00970162310089408,
      0.0059039899666182664,
      0.003533376157257701,
      2.2127540494974952e-07
    ],
    "sigma1_over_sigma2": 3.4995237689070575,
    "sigma1_over_sigma5": 6.260969352813979,
    "sigma1_over_sigma10": 8.46203935141643,
    "participation_ratio": 2.3857538845927837,
    "total_variance": 200.0000031417784,
    "cumulative_variance_fraction": [
      0.6430323020604164,
      0.6955390226712492,
      0.7260692770735869,
      0.7509600376663854,
      0.7673640328813204,
      0.7805835258869676,
      0.7919086815655842,
      0.8023065129411483,
      0.8115853326021792,
      0.820565464356241,
      0.8281456908187478,
      0.8350168644648457,
      0.8417065544988667,
      0.8470519328123133,
      0.8520769226773904,
      0.856826976300773,
      0.8614283089446064,
      0.8656170203086546,
      0.8696171269239525,
      0.8732893120727713,
      0.8768977847249173,
      0.8803880626604513,
      0.8836587989138887,
      0.886862517250334,
      0.8899482042210999,
      0.8930019098528722,
      0.8959404154220355,
      0.8988173209978026,
      0.9014364546416928,
      0.9039290023578329,
      0.9064095776227552,
      0.9087548761822813,
      0.9110056922508739,
      0.9131968943986029,
      0.9153225705701028,
      0.9173487686539682,
      0.9193196698014052,
      0.9212530383741175,
      0.9231613203538653,
      0.9250387930516876,
      0.9268997988833858,
      0.9287087542845587,
      0.9304684411158266,
      0.9322239447167133,
      0.9339384916058301,
      0.935613138316732,
      0.9372158919400819,
      0.9387827060108725,
      0.9403033460334244,
      0.9417871330548221,
      0.9432144339430004,
      0.9446244389147246,
      0.9459914378023014,
      0.9473404292973009,
      0.9486713350518543,
      0.9499692694271684,
      0.9512128543391218,
      0.9524137225917998,
      0.9536089882518973,
      0.9547952120795842,
      0.955954720424335,
      0.9570762482675603,
      0.9581754965230207,
      0.9592611799850855,
      0.9603302494493169,
      0.9613613397924052,
      0.9623663912541287,
      0.9633417651094445,
      0.9642917604623418,
      0.9652325000286808,
      0.9661631037769537,
      0.9670506972444192,
      0.9679337008515344,
      0.9687995865264406,
      0.9696490042627144,
      0.970490351639211,
      0.971319207105444,
      0.972134687750767,
      0.9729335863146821,
      0.9737181820434224,
      0.9744950071975532,
      0.975221799835946,
      0.9759392425009344,
      0.9766272639724558,
      0.9773104238894488,
      0.9779784330273943,
      0.9786268615749774,
      0.9792663752694656,
      0.9798800585750272,
      0.9804871455410146,
      0.9810809057395826,
      0.9816507934736357,
      0.98221411581849,
      0.982769574499279,
      0.9833036728754995,
      0.9838290964680392,
      0.9843247332679524,
      0.9848158528233023,
      0.9852975927495589,
      0.9857687514907978,
      0.9862352444415448,
      0.986684694981556,
      0.987130134435841,
      0.9875685735405333,
      0.9880044508920846,
      0.9884260578220002,
      0.9888367380556186,
      0.9892191305245037,
      0.98958934042821,
      0.9899530802298673,
      0.9903077082876081,
      0.9906583905036461,
      0.9910014627173087,
      0.9913304240930774,
      0.9916585208563949,
      0.9919812878392512,
      0.9922811674825851,
      0.9925741946240141,
      0.9928652890251203,
      0.993150462479062,
      0.9934290131976712,
      0.9937026853932799,
      0.993966784949981,
      0.9942184238374445,
      0.9944614718546748,
      0.9946947623297546,
      0.9949222322198624,
      0.9951379082798558,
      0.9953493573420132,
      0.9955541943918774,
      0.9957558652073553,
      0.9959526645942105,
      0.9961381665284211,
      0.9963151960748103,
      0.9964896306768233,
      0.9966634219988859,
      0.9968309844688629,
      0.9969883655951111,
      0.9971390361541684,
      0.9972827295212611,
      0.9974203566778551,
      0.9975563852695329,
      0.9976896320231414,
      0.9978144938766756,
      0.9979343663298219,
      0.9980511328683654,
      0.9981585868651288,
      0.9982651822288198,
      0.998366932342856,
      0.9984643987568216,
      0.9985591101813914,
      0.9986516740736374,
      0.9987394392843547,
      0.9988213412407817,
      0.9988988214539597,
      0.9989726236261753,
      0.9990420099157491,
      0.9991111921544997,
      0.9991769655339234,
      0.9992420871351956,
      0.9993029568529636,
      0.9993579383217132,
      0.9994125752323514,
      0.9994606572689535,
      0.9995061550404718,
      0.9995487287731072,
      0.9995886379122508,
      0.9996262018948413,
      0.9996614356128689,
      0.9996927694400142,
      0.9997238193753796,
      0.999754096907365,
      0.9997829434067895,
      0.9998092002059348,
      0.9998333671419477,
      0.9998558029019718,
      0.9998744716927915,
      0.9998911967050425,
      0.9999064474481958,
      0.99991899592527,
      0.9999297509210244,
      0.9999395154409493,
      0.9999484809971166,
      0.999956124240764,
      0.9999634500220763,
      0.9999700206727711,
      0.9999752509996949,
      0.9999802077198667,
      0.9999845554441522,
      0.9999885758768988,
      0.9999916446545063,
      0.9999944394630312,
      0.9999964203757449,
      0.9999978252761782,
      0.9999986361448922,
      0.9999992926833341,
      0.9999997632907807,
      0.9999999375762655,
      0.9999999999999999,
      1.0000000000000002
    ],
    "mean_pairwise_cosine": 0.6394845247268677,
    "median_pairwise_cosine": 0.6539792418479919
  },
  "per_language": {
    "groups": [
      "ar",
      "cs",
      "de",
      "en",
      "es",
      "hi",
      "ja",
      "ru",
      "sw",
      "tib",
      "zh"
    ],
    "cosine_matrix": [
      [
        1.0000009536743164,
        0.02918616682291031,
        0.1267785280942917,
        0.0577286034822464,
        0.04257588088512421,
        0.10909054428339005,
        0.06440632790327072,
        0.08349765092134476,
        0.007798941805958748,
        0.017096813768148422,
        0.07648158818483353
      ],
      [
        0.02918616682291031,
        0.9999998211860657,
        0.18678486347198486,
        0.25333186984062195,
        0.17318442463874817,
        0.14836688339710236,
        0.129360169172287,
        0.2718755006790161,
        0.06333589553833008,
        0.0379825085401535,
        0.15790902078151703
      ],
      [
        0.1267785280942917,
        0.18678486347198486,
        1.0000004768371582,
        0.2763668894767761,
        0.22339871525764465,
        0.11038114130496979,
        0.0678659975528717,
        0.20650917291641235,
        0.09408433735370636,
        0.015182571485638618,
        0.1735163927078247
      ],
      [
        0.0577286034822464,
        0.25333186984062195,
        0.2763668894767761,
        1.0000001192092896,
        0.3070465326309204,
        0.16867709159851074,
        0.11864516884088516,
        0.2967053949832916,
        0.1062769740819931,
        0.02486012503504753,
        0.25787049531936646
      ],
      [
        0.04257588088512421,
        0.17318442463874817,
        0.22339871525764465,
        0.3070465326309204,
        1.0000004768371582,
        0.07916197925806046,
        0.10745910555124283,
        0.25634944438934326,
        0.10165496170520782,
        -0.02497429959475994,
        0.1077968031167984
      ],
      [
        0.10909054428339005,
        0.14836688339710236,
        0.11038114130496979,
        0.16867709159851074,
        0.07916197925806046,
        1.0000005960464478,
        0.15861326456069946,
        0.1193728893995285,
        0.06624763458967209,
        0.047145262360572815,
        0.08904716372489929
      ],
      [
        0.06440632790327072,
        0.129360169172287,
        0.0678659975528717,
        0.11864516884088516,
        0.10745910555124283,
        0.15861326456069946,
        1.0000009536743164,
        0.15793928503990173,
        0.033662453293800354,
        0.010831636376678944,
        0.15760070085525513
      ],
      [
        0.08349765092134476,
        0.2718755006790161,
        0.20650917291641235,
        0.2967053949832916,
        0.25634944438934326,
        0.1193728893995285,
        0.15793928503990173,
        1.000000238418579,
        0.10862681269645691,
        0.023149505257606506,
        0.18969707190990448
      ],
      [
        0.007798947859555483,
        0.06333588808774948,
        0.09408433735370636,
        0.10627690702676773,
        0.10165505111217499,
        0.0662476047873497,
        0.033662449568510056,
        0.10862678289413452,
        1.0000004768371582,
        -0.007227504625916481,
        0.05501607060432434
      ],
      [
        0.017096851021051407,
        0.0379825159907341,
        0.0151825575158,
        0.024860132485628128,
        -0.02497430145740509,
        0.047145288437604904,
        0.010831627994775772,
        0.023149527609348297,
        -0.007227504625916481,
        1.000000238418579,
        0.01731710508465767
      ],
      [
        0.07648156583309174,
        0.15790899097919464,
        0.17351646721363068,
        0.25787055492401123,
        0.1077968180179596,
        0.08904716372489929,
        0.15760064125061035,
        0.1896970570087433,
        0.05501607060432434,
        0.01731710508465767,
        1.000000238418579
      ]
    ],
    "per_group": {
      "ar": {
        "n_pos": 5,
        "n_neg": 5,
        "mean_diff_norm": 15.564215660095215
      },
      "cs": {
        "n_pos": 5,
        "n_neg": 5,
        "mean_diff_norm": 17.42613983154297
      },
      "de": {
        "n_pos": 5,
        "n_neg": 5,
        "mean_diff_norm": 18.636306762695312
      },
      "en": {
        "n_pos": 50,
        "n_neg": 50,
        "mean_diff_norm": 8.234149932861328
      },
      "es": {
        "n_pos": 5,
        "n_neg": 5,
        "mean_diff_norm": 19.09627914428711
      },
      "hi": {
        "n_pos": 5,
        "n_neg": 5,
        "mean_diff_norm": 12.937949180603027
      },
      "ja": {
        "n_pos": 5,
        "n_neg": 5,
        "mean_diff_norm": 16.341527938842773
      },
      "ru": {
        "n_pos": 5,
        "n_neg": 5,
        "mean_diff_norm": 16.903793334960938
      },
      "sw": {
        "n_pos": 5,
        "n_neg": 5,
        "mean_diff_norm": 16.75769805908203
      },
      "tib": {
        "n_pos": 5,
        "n_neg": 5,
        "mean_diff_norm": 13.455760955810547
      },
      "zh": {
        "n_pos": 5,
        "n_neg": 5,
        "mean_diff_norm": 14.185925483703613
      }
    },
    "cos_with_global_md": {
      "ar": 0.224808931350708,
      "cs": 0.44443488121032715,
      "de": 0.46887069940567017,
      "en": 0.8707659244537354,
      "es": 0.4771178364753723,
      "hi": 0.3242740333080292,
      "ja": 0.30936336517333984,
      "ru": 0.49882474541664124,
      "sw": 0.26338717341423035,
      "tib": 0.13446979224681854,
      "zh": 0.4043594300746918
    }
  },
  "per_register": {
    "groups": [
      "bureaucratic",
      "casual",
      "clinical",
      "confessional",
      "dialog",
      "diary",
      "journalistic",
      "letter",
      "poetic",
      "terse"
    ],
    "cosine_matrix": [
      [
        1.0000003576278687,
        0.27732622623443604,
        0.1039835512638092,
        0.08950793743133545,
        0.16220006346702576,
        0.20432518422603607,
        0.27993911504745483,
        0.2642330825328827,
        0.1829797923564911,
        0.11718238890171051
      ],
      [
        0.27732622623443604,
        0.9999998211860657,
        0.3038478195667267,
        0.15796035528182983,
        0.1503555327653885,
        0.36546584963798523,
        0.3247196674346924,
        0.21885842084884644,
        0.32198455929756165,
        0.18732476234436035
      ],
      [
        0.1039835512638092,
        0.3038478195667267,
        1.0000001192092896,
        -0.031971849501132965,
        0.11025607585906982,
        0.1642991602420807,
        0.15118305385112762,
        0.012888400815427303,
        0.20863507688045502,
        0.08789557218551636
      ],
      [
        0.08950793743133545,
        0.15796035528182983,
        -0.031971849501132965,
        1.0,
        0.17872366309165955,
        0.2483564019203186,
        0.22273829579353333,
        0.29422858357429504,
        0.19450807571411133,
        0.14477527141571045
      ],
      [
        0.16220006346702576,
        0.1503555327653885,
        0.11025607585906982,
        0.17872366309165955,
        1.0000007152557373,
        0.21360135078430176,
        0.178045392036438,
        0.2125699371099472,
        0.15045100450515747,
        0.0730094388127327
      ],
      [
        0.20432518422603607,
        0.36546584963798523,
        0.1642991602420807,
        0.2483564019203186,
        0.21360135078430176,
        1.0000001192092896,
        0.42424702644348145,
        0.24026355147361755,
        0.29316088557243347,
        0.20293402671813965
      ],
      [
        0.27993911504745483,
        0.3247196674346924,
        0.15118305385112762,
        0.22273829579353333,
        0.178045392036438,
        0.42424702644348145,
        1.0000005960464478,
        0.28729844093322754,
        0.24420717358589172,
        0.21514195203781128
      ],
      [
        0.2642330825328827,
        0.21885842084884644,
        0.012888400815427303,
        0.29422858357429504,
        0.2125699371099472,
        0.24026355147361755,
        0.28729844093322754,
        1.0000004768371582,
        0.19772987067699432,
        0.0997464507818222
      ],
      [
        0.1829797774553299,
        0.32198473811149597,
        0.20863504707813263,
        0.19450807571411133,
        0.15045104920864105,
        0.2931607961654663,
        0.24420702457427979,
        0.19772978127002716,
        1.000000238418579,
        0.20826897025108337
      ],
      [
        0.11718234419822693,
        0.18732479214668274,
        0.08789555728435516,
        0.14477524161338806,
        0.0730094462633133,
        0.20293408632278442,
        0.21514205634593964,
        0.09974649548530579,
        0.20826897025108337,
        1.0000004768371582
      ]
    ],
    "per_group": {
      "bureaucratic": {
        "n_pos": 5,
        "n_neg": 5,
        "mean_diff_norm": 15.652341842651367
      },
      "casual": {
        "n_pos": 15,
        "n_neg": 15,
        "mean_diff_norm": 10.121747016906738
      },
      "clinical": {
        "n_pos": 15,
        "n_neg": 15,
        "mean_diff_norm": 11.742904663085938
      },
      "confessional": {
        "n_pos": 5,
        "n_neg": 5,
        "mean_diff_norm": 18.724437713623047
      },
      "dialog": {
        "n_pos": 5,
        "n_neg": 5,
        "mean_diff_norm": 17.31119728088379
      },
      "diary": {
        "n_pos": 15,
        "n_neg": 15,
        "mean_diff_norm": 9.412853240966797
      },
      "journalistic": {
        "n_pos": 15,
        "n_neg": 15,
        "mean_diff_norm": 9.652344703674316
      },
      "letter": {
        "n_pos": 5,
        "n_neg": 5,
        "mean_diff_norm": 17.315095901489258
      },
      "poetic": {
        "n_pos": 15,
        "n_neg": 15,
        "mean_diff_norm": 9.937378883361816
      },
      "terse": {
        "n_pos": 5,
        "n_neg": 5,
        "mean_diff_norm": 18.787485122680664
      }
    },
    "cos_with_global_md": {
      "bureaucratic": 0.44718173146247864,
      "casual": 0.6716110706329346,
      "clinical": 0.4945318400859833,
      "confessional": 0.41373634338378906,
      "dialog": 0.401511549949646,
      "diary": 0.6567829847335815,
      "journalistic": 0.6444169282913208,
      "letter": 0.4646938443183899,
      "poetic": 0.603642463684082,
      "terse": 0.40845876932144165
    }
  },
  "pair_id_order": [
    "pair_ar_casual",
    "pair_ar_clinical",
    "pair_ar_diary",
    "pair_ar_journalistic",
    "pair_ar_poetic",
    "pair_cs_casual",
    "pair_cs_clinical",
    "pair_cs_diary",
    "pair_cs_journalistic",
    "pair_cs_poetic",
    "pair_de_casual",
    "pair_de_clinical",
    "pair_de_diary",
    "pair_de_journalistic",
    "pair_de_poetic",
    "pair_en_bureaucratic_01",
    "pair_en_bureaucratic_02",
    "pair_en_bureaucratic_03",
    "pair_en_bureaucratic_04",
    "pair_en_bureaucratic_05",
    "pair_en_casual_01",
    "pair_en_casual_02",
    "pair_en_casual_03",
    "pair_en_casual_04",
    "pair_en_casual_05",
    "pair_en_clinical_01",
    "pair_en_clinical_02",
    "pair_en_clinical_03",
    "pair_en_clinical_04",
    "pair_en_clinical_05",
    "pair_en_confessional_01",
    "pair_en_confessional_02",
    "pair_en_confessional_03",
    "pair_en_confessional_04",
    "pair_en_confessional_05",
    "pair_en_dialog_01",
    "pair_en_dialog_02",
    "pair_en_dialog_03",
    "pair_en_dialog_04",
    "pair_en_dialog_05",
    "pair_en_diary_01",
    "pair_en_diary_02",
    "pair_en_diary_03",
    "pair_en_diary_04",
    "pair_en_diary_05",
    "pair_en_journalistic_01",
    "pair_en_journalistic_02",
    "pair_en_journalistic_03",
    "pair_en_journalistic_04",
    "pair_en_journalistic_05",
    "pair_en_letter_01",
    "pair_en_letter_02",
    "pair_en_letter_03",
    "pair_en_letter_04",
    "pair_en_letter_05",
    "pair_en_poetic_01",
    "pair_en_poetic_02",
    "pair_en_poetic_03",
    "pair_en_poetic_04",
    "pair_en_poetic_05",
    "pair_en_terse_01",
    "pair_en_terse_02",
    "pair_en_terse_03",
    "pair_en_terse_04",
    "pair_en_terse_05",
    "pair_es_casual",
    "pair_es_clinical",
    "pair_es_diary",
    "pair_es_journalistic",
    "pair_es_poetic",
    "pair_hi_casual",
    "pair_hi_clinical",
    "pair_hi_diary",
    "pair_hi_journalistic",
    "pair_hi_poetic",
    "pair_ja_casual",
    "pair_ja_clinical",
    "pair_ja_diary",
    "pair_ja_journalistic",
    "pair_ja_poetic",
    "pair_ru_casual",
    "pair_ru_clinical",
    "pair_ru_diary",
    "pair_ru_journalistic",
    "pair_ru_poetic",
    "pair_sw_casual",
    "pair_sw_clinical",
    "pair_sw_diary",
    "pair_sw_journalistic",
    "pair_sw_poetic",
    "pair_tib_casual",
    "pair_tib_clinical",
    "pair_tib_diary",
    "pair_tib_journalistic",
    "pair_tib_poetic",
    "pair_zh_casual",
    "pair_zh_clinical",
    "pair_zh_diary",
    "pair_zh_journalistic",
    "pair_zh_poetic"
  ],
  "timestamp": "2026-04-13T20:48:04"
}